tensor([[ 0.0000e+00,  1.0000e+00,  0.0000e+00,  1.0000e+00,  0.0000e+00,
          1.0000e+00,  0.0000e+00,  1.0000e+00,  0.0000e+00,  1.0000e+00,
          0.0000e+00,  1.0000e+00,  0.0000e+00,  1.0000e+00,  0.0000e+00,
          1.0000e+00,  0.0000e+00,  1.0000e+00,  0.0000e+00,  1.0000e+00,
          0.0000e+00,  1.0000e+00,  0.0000e+00,  1.0000e+00,  0.0000e+00,
          1.0000e+00,  0.0000e+00,  1.0000e+00,  0.0000e+00,  1.0000e+00,
          0.0000e+00,  1.0000e+00,  0.0000e+00,  1.0000e+00,  0.0000e+00,
          1.0000e+00,  0.0000e+00,  1.0000e+00,  0.0000e+00,  1.0000e+00,
          0.0000e+00,  1.0000e+00,  0.0000e+00,  1.0000e+00,  0.0000e+00,
          1.0000e+00,  0.0000e+00,  1.0000e+00,  0.0000e+00,  1.0000e+00,
          0.0000e+00,  1.0000e+00,  0.0000e+00,  1.0000e+00,  0.0000e+00,
          1.0000e+00,  0.0000e+00,  1.0000e+00,  0.0000e+00,  1.0000e+00,
          0.0000e+00,  1.0000e+00,  0.0000e+00,  1.0000e+00,  0.0000e+00,
          1.0000e+00,  0.0000e+00,  1.0000e+00,  0.0000e+00,  1.0000e+00,
          0.0000e+00,  1.0000e+00,  0.0000e+00,  1.0000e+00,  0.0000e+00,
          1.0000e+00,  0.0000e+00,  1.0000e+00,  0.0000e+00,  1.0000e+00,
          0.0000e+00,  1.0000e+00,  0.0000e+00,  1.0000e+00,  0.0000e+00,
          1.0000e+00,  0.0000e+00,  1.0000e+00,  0.0000e+00,  1.0000e+00,
          0.0000e+00,  1.0000e+00,  0.0000e+00,  1.0000e+00,  0.0000e+00,
          1.0000e+00,  0.0000e+00,  1.0000e+00,  0.0000e+00,  1.0000e+00,
          0.0000e+00,  1.0000e+00,  0.0000e+00,  1.0000e+00,  0.0000e+00,
          1.0000e+00,  0.0000e+00,  1.0000e+00,  0.0000e+00,  1.0000e+00,
          0.0000e+00,  1.0000e+00,  0.0000e+00,  1.0000e+00,  0.0000e+00,
          1.0000e+00,  0.0000e+00,  1.0000e+00,  0.0000e+00,  1.0000e+00,
          0.0000e+00,  1.0000e+00,  0.0000e+00,  1.0000e+00,  0.0000e+00,
          1.0000e+00,  0.0000e+00,  1.0000e+00,  0.0000e+00,  1.0000e+00,
          0.0000e+00,  1.0000e+00,  0.0000e+00,  1.0000e+00,  0.0000e+00,
          1.0000e+00,  0.0000e+00,  1.0000e+00,  0.0000e+00,  1.0000e+00,
          0.0000e+00,  1.0000e+00,  0.0000e+00,  1.0000e+00,  0.0000e+00,
          1.0000e+00,  0.0000e+00,  1.0000e+00,  0.0000e+00,  1.0000e+00,
          0.0000e+00,  0.0000e+00,  0.0000e+00,  0.0000e+00,  0.0000e+00,
          0.0000e+00,  0.0000e+00,  0.0000e+00,  0.0000e+00,  0.0000e+00,
          0.0000e+00,  0.0000e+00,  0.0000e+00,  0.0000e+00,  0.0000e+00,
          0.0000e+00,  0.0000e+00,  0.0000e+00,  0.0000e+00,  0.0000e+00,
          0.0000e+00,  0.0000e+00,  0.0000e+00,  0.0000e+00,  0.0000e+00,
          0.0000e+00,  0.0000e+00,  0.0000e+00,  0.0000e+00,  0.0000e+00,
          0.0000e+00,  0.0000e+00,  0.0000e+00,  0.0000e+00,  0.0000e+00,
          0.0000e+00,  0.0000e+00,  0.0000e+00,  0.0000e+00,  0.0000e+00,
          0.0000e+00,  0.0000e+00,  0.0000e+00,  0.0000e+00,  0.0000e+00,
          0.0000e+00,  0.0000e+00,  0.0000e+00,  0.0000e+00,  0.0000e+00,
          0.0000e+00,  0.0000e+00,  0.0000e+00,  0.0000e+00,  0.0000e+00,
          0.0000e+00,  0.0000e+00,  0.0000e+00,  0.0000e+00,  0.0000e+00,
          0.0000e+00,  0.0000e+00,  0.0000e+00,  0.0000e+00,  0.0000e+00,
          0.0000e+00,  0.0000e+00,  0.0000e+00,  0.0000e+00,  0.0000e+00,
          0.0000e+00,  0.0000e+00,  0.0000e+00,  0.0000e+00,  0.0000e+00,
          0.0000e+00,  0.0000e+00,  0.0000e+00,  0.0000e+00,  0.0000e+00,
          0.0000e+00,  0.0000e+00,  0.0000e+00,  0.0000e+00,  0.0000e+00,
          0.0000e+00,  0.0000e+00,  0.0000e+00,  0.0000e+00,  0.0000e+00,
          0.0000e+00,  0.0000e+00,  0.0000e+00,  0.0000e+00,  0.0000e+00,
          0.0000e+00,  0.0000e+00,  0.0000e+00,  0.0000e+00,  0.0000e+00,
          0.0000e+00,  0.0000e+00,  0.0000e+00,  0.0000e+00,  0.0000e+00,
          0.0000e+00,  0.0000e+00,  0.0000e+00,  0.0000e+00,  0.0000e+00,
          0.0000e+00,  0.0000e+00,  0.0000e+00,  0.0000e+00,  0.0000e+00,
          0.0000e+00,  0.0000e+00,  0.0000e+00,  0.0000e+00,  0.0000e+00,
          0.0000e+00,  0.0000e+00,  0.0000e+00,  0.0000e+00,  0.0000e+00,
          0.0000e+00,  0.0000e+00,  0.0000e+00,  0.0000e+00,  0.0000e+00,
          0.0000e+00,  0.0000e+00,  0.0000e+00,  0.0000e+00,  0.0000e+00,
          0.0000e+00,  0.0000e+00,  0.0000e+00,  0.0000e+00,  0.0000e+00,
          0.0000e+00,  0.0000e+00,  0.0000e+00,  0.0000e+00,  0.0000e+00,
          0.0000e+00,  0.0000e+00,  0.0000e+00,  0.0000e+00,  0.0000e+00],
        [ 8.4147e-01,  5.4030e-01,  7.7356e-01,  6.3373e-01,  7.0486e-01,
          7.0934e-01,  6.3795e-01,  7.7008e-01,  5.7441e-01,  8.1857e-01,
          5.1514e-01,  8.5711e-01,  4.6056e-01,  8.8763e-01,  4.1079e-01,
          9.1173e-01,  3.6571e-01,  9.3073e-01,  3.2511e-01,  9.4568e-01,
          2.8870e-01,  9.5742e-01,  2.5613e-01,  9.6664e-01,  2.2709e-01,
          9.7387e-01,  2.0123e-01,  9.7954e-01,  1.7824e-01,  9.8399e-01,
          1.5783e-01,  9.8747e-01,  1.3972e-01,  9.9019e-01,  1.2366e-01,
          9.9232e-01,  1.0943e-01,  9.9399e-01,  9.6825e-02,  9.9530e-01,
          8.5664e-02,  9.9632e-01,  7.5785e-02,  9.9712e-01,  6.7041e-02,
          9.9775e-01,  5.9303e-02,  9.9824e-01,  5.2457e-02,  9.9862e-01,
          4.6399e-02,  9.9892e-01,  4.1040e-02,  9.9916e-01,  3.6300e-02,
          9.9934e-01,  3.2106e-02,  9.9948e-01,  2.8397e-02,  9.9960e-01,
          2.5116e-02,  9.9968e-01,  2.2214e-02,  9.9975e-01,  1.9647e-02,
          9.9981e-01,  1.7377e-02,  9.9985e-01,  1.5369e-02,  9.9988e-01,
          1.3593e-02,  9.9991e-01,  1.2022e-02,  9.9993e-01,  1.0633e-02,
          9.9994e-01,  9.4043e-03,  9.9996e-01,  8.3175e-03,  9.9997e-01,
          7.3564e-03,  9.9997e-01,  6.5062e-03,  9.9998e-01,  5.7544e-03,
          9.9998e-01,  5.0894e-03,  9.9999e-01,  4.5012e-03,  9.9999e-01,
          3.9811e-03,  9.9999e-01,  3.5210e-03,  9.9999e-01,  3.1141e-03,
          1.0000e+00,  2.7542e-03,  1.0000e+00,  2.4359e-03,  1.0000e+00,
          2.1544e-03,  1.0000e+00,  1.9055e-03,  1.0000e+00,  1.6853e-03,
          1.0000e+00,  1.4905e-03,  1.0000e+00,  1.3183e-03,  1.0000e+00,
          1.1659e-03,  1.0000e+00,  1.0312e-03,  1.0000e+00,  9.1201e-04,
          1.0000e+00,  8.0662e-04,  1.0000e+00,  7.1340e-04,  1.0000e+00,
          6.3096e-04,  1.0000e+00,  5.5804e-04,  1.0000e+00,  4.9355e-04,
          1.0000e+00,  4.3652e-04,  1.0000e+00,  3.8607e-04,  1.0000e+00,
          3.4145e-04,  1.0000e+00,  3.0200e-04,  1.0000e+00,  2.6710e-04,
          1.0000e+00,  2.3623e-04,  1.0000e+00,  2.0893e-04,  1.0000e+00,
          1.8478e-04,  1.0000e+00,  1.6343e-04,  1.0000e+00,  1.4454e-04,
          1.0000e+00,  1.2784e-04,  1.0000e+00,  1.1307e-04,  1.0000e+00,
          0.0000e+00,  0.0000e+00,  0.0000e+00,  0.0000e+00,  0.0000e+00,
          0.0000e+00,  0.0000e+00,  0.0000e+00,  0.0000e+00,  0.0000e+00,
          0.0000e+00,  0.0000e+00,  0.0000e+00,  0.0000e+00,  0.0000e+00,
          0.0000e+00,  0.0000e+00,  0.0000e+00,  0.0000e+00,  0.0000e+00,
          0.0000e+00,  0.0000e+00,  0.0000e+00,  0.0000e+00,  0.0000e+00,
          0.0000e+00,  0.0000e+00,  0.0000e+00,  0.0000e+00,  0.0000e+00,
          0.0000e+00,  0.0000e+00,  0.0000e+00,  0.0000e+00,  0.0000e+00,
          0.0000e+00,  0.0000e+00,  0.0000e+00,  0.0000e+00,  0.0000e+00,
          0.0000e+00,  0.0000e+00,  0.0000e+00,  0.0000e+00,  0.0000e+00,
          0.0000e+00,  0.0000e+00,  0.0000e+00,  0.0000e+00,  0.0000e+00,
          0.0000e+00,  0.0000e+00,  0.0000e+00,  0.0000e+00,  0.0000e+00,
          0.0000e+00,  0.0000e+00,  0.0000e+00,  0.0000e+00,  0.0000e+00,
          0.0000e+00,  0.0000e+00,  0.0000e+00,  0.0000e+00,  0.0000e+00,
          0.0000e+00,  0.0000e+00,  0.0000e+00,  0.0000e+00,  0.0000e+00,
          0.0000e+00,  0.0000e+00,  0.0000e+00,  0.0000e+00,  0.0000e+00,
          0.0000e+00,  0.0000e+00,  0.0000e+00,  0.0000e+00,  0.0000e+00,
          0.0000e+00,  0.0000e+00,  0.0000e+00,  0.0000e+00,  0.0000e+00,
          0.0000e+00,  0.0000e+00,  0.0000e+00,  0.0000e+00,  0.0000e+00,
          0.0000e+00,  0.0000e+00,  0.0000e+00,  0.0000e+00,  0.0000e+00,
          0.0000e+00,  0.0000e+00,  0.0000e+00,  0.0000e+00,  0.0000e+00,
          0.0000e+00,  0.0000e+00,  0.0000e+00,  0.0000e+00,  0.0000e+00,
          0.0000e+00,  0.0000e+00,  0.0000e+00,  0.0000e+00,  0.0000e+00,
          0.0000e+00,  0.0000e+00,  0.0000e+00,  0.0000e+00,  0.0000e+00,
          0.0000e+00,  0.0000e+00,  0.0000e+00,  0.0000e+00,  0.0000e+00,
          0.0000e+00,  0.0000e+00,  0.0000e+00,  0.0000e+00,  0.0000e+00,
          0.0000e+00,  0.0000e+00,  0.0000e+00,  0.0000e+00,  0.0000e+00,
          0.0000e+00,  0.0000e+00,  0.0000e+00,  0.0000e+00,  0.0000e+00,
          0.0000e+00,  0.0000e+00,  0.0000e+00,  0.0000e+00,  0.0000e+00,
          0.0000e+00,  0.0000e+00,  0.0000e+00,  0.0000e+00,  0.0000e+00,
          0.0000e+00,  0.0000e+00,  0.0000e+00,  0.0000e+00,  0.0000e+00],
        [ 9.0930e-01, -4.1615e-01,  9.8045e-01, -1.9678e-01,  9.9998e-01,
          6.3403e-03,  9.8254e-01,  1.8604e-01,  9.4039e-01,  3.4011e-01,
          8.8306e-01,  4.6926e-01,  8.1762e-01,  5.7576e-01,  7.4906e-01,
          6.6251e-01,  6.8076e-01,  7.3251e-01,  6.1490e-01,  7.8860e-01,
          5.5281e-01,  8.3331e-01,  4.9518e-01,  8.6879e-01,  4.4231e-01,
          8.9686e-01,  3.9423e-01,  9.1901e-01,  3.5077e-01,  9.3646e-01,
          3.1170e-01,  9.5018e-01,  2.7669e-01,  9.6096e-01,  2.4542e-01,
          9.6942e-01,  2.1754e-01,  9.7605e-01,  1.9274e-01,  9.8125e-01,
          1.7070e-01,  9.8532e-01,  1.5113e-01,  9.8851e-01,  1.3378e-01,
          9.9101e-01,  1.1840e-01,  9.9297e-01,  1.0477e-01,  9.9450e-01,
          9.2698e-02,  9.9569e-01,  8.2012e-02,  9.9663e-01,  7.2552e-02,
          9.9736e-01,  6.4180e-02,  9.9794e-01,  5.6771e-02,  9.9839e-01,
          5.0217e-02,  9.9874e-01,  4.4417e-02,  9.9901e-01,  3.9287e-02,
          9.9923e-01,  3.4749e-02,  9.9940e-01,  3.0735e-02,  9.9953e-01,
          2.7184e-02,  9.9963e-01,  2.4043e-02,  9.9971e-01,  2.1265e-02,
          9.9977e-01,  1.8808e-02,  9.9982e-01,  1.6635e-02,  9.9986e-01,
          1.4712e-02,  9.9989e-01,  1.3012e-02,  9.9992e-01,  1.1509e-02,
          9.9993e-01,  1.0179e-02,  9.9995e-01,  9.0024e-03,  9.9996e-01,
          7.9621e-03,  9.9997e-01,  7.0420e-03,  9.9998e-01,  6.2282e-03,
          9.9998e-01,  5.5084e-03,  9.9998e-01,  4.8719e-03,  9.9999e-01,
          4.3089e-03,  9.9999e-01,  3.8109e-03,  9.9999e-01,  3.3705e-03,
          9.9999e-01,  2.9810e-03,  1.0000e+00,  2.6365e-03,  1.0000e+00,
          2.3318e-03,  1.0000e+00,  2.0624e-03,  1.0000e+00,  1.8240e-03,
          1.0000e+00,  1.6132e-03,  1.0000e+00,  1.4268e-03,  1.0000e+00,
          1.2619e-03,  1.0000e+00,  1.1161e-03,  1.0000e+00,  9.8710e-04,
          1.0000e+00,  8.7303e-04,  1.0000e+00,  7.7214e-04,  1.0000e+00,
          6.8291e-04,  1.0000e+00,  6.0399e-04,  1.0000e+00,  5.3419e-04,
          1.0000e+00,  4.7246e-04,  1.0000e+00,  4.1786e-04,  1.0000e+00,
          3.6957e-04,  1.0000e+00,  3.2686e-04,  1.0000e+00,  2.8909e-04,
          1.0000e+00,  2.5568e-04,  1.0000e+00,  2.2613e-04,  1.0000e+00,
          0.0000e+00,  0.0000e+00,  0.0000e+00,  0.0000e+00,  0.0000e+00,
          0.0000e+00,  0.0000e+00,  0.0000e+00,  0.0000e+00,  0.0000e+00,
          0.0000e+00,  0.0000e+00,  0.0000e+00,  0.0000e+00,  0.0000e+00,
          0.0000e+00,  0.0000e+00,  0.0000e+00,  0.0000e+00,  0.0000e+00,
          0.0000e+00,  0.0000e+00,  0.0000e+00,  0.0000e+00,  0.0000e+00,
          0.0000e+00,  0.0000e+00,  0.0000e+00,  0.0000e+00,  0.0000e+00,
          0.0000e+00,  0.0000e+00,  0.0000e+00,  0.0000e+00,  0.0000e+00,
          0.0000e+00,  0.0000e+00,  0.0000e+00,  0.0000e+00,  0.0000e+00,
          0.0000e+00,  0.0000e+00,  0.0000e+00,  0.0000e+00,  0.0000e+00,
          0.0000e+00,  0.0000e+00,  0.0000e+00,  0.0000e+00,  0.0000e+00,
          0.0000e+00,  0.0000e+00,  0.0000e+00,  0.0000e+00,  0.0000e+00,
          0.0000e+00,  0.0000e+00,  0.0000e+00,  0.0000e+00,  0.0000e+00,
          0.0000e+00,  0.0000e+00,  0.0000e+00,  0.0000e+00,  0.0000e+00,
          0.0000e+00,  0.0000e+00,  0.0000e+00,  0.0000e+00,  0.0000e+00,
          0.0000e+00,  0.0000e+00,  0.0000e+00,  0.0000e+00,  0.0000e+00,
          0.0000e+00,  0.0000e+00,  0.0000e+00,  0.0000e+00,  0.0000e+00,
          0.0000e+00,  0.0000e+00,  0.0000e+00,  0.0000e+00,  0.0000e+00,
          0.0000e+00,  0.0000e+00,  0.0000e+00,  0.0000e+00,  0.0000e+00,
          0.0000e+00,  0.0000e+00,  0.0000e+00,  0.0000e+00,  0.0000e+00,
          0.0000e+00,  0.0000e+00,  0.0000e+00,  0.0000e+00,  0.0000e+00,
          0.0000e+00,  0.0000e+00,  0.0000e+00,  0.0000e+00,  0.0000e+00,
          0.0000e+00,  0.0000e+00,  0.0000e+00,  0.0000e+00,  0.0000e+00,
          0.0000e+00,  0.0000e+00,  0.0000e+00,  0.0000e+00,  0.0000e+00,
          0.0000e+00,  0.0000e+00,  0.0000e+00,  0.0000e+00,  0.0000e+00,
          0.0000e+00,  0.0000e+00,  0.0000e+00,  0.0000e+00,  0.0000e+00,
          0.0000e+00,  0.0000e+00,  0.0000e+00,  0.0000e+00,  0.0000e+00,
          0.0000e+00,  0.0000e+00,  0.0000e+00,  0.0000e+00,  0.0000e+00,
          0.0000e+00,  0.0000e+00,  0.0000e+00,  0.0000e+00,  0.0000e+00,
          0.0000e+00,  0.0000e+00,  0.0000e+00,  0.0000e+00,  0.0000e+00,
          0.0000e+00,  0.0000e+00,  0.0000e+00,  0.0000e+00,  0.0000e+00],
        [ 1.4112e-01, -9.8999e-01,  4.6911e-01, -8.8314e-01,  7.1380e-01,
         -7.0035e-01,  8.7532e-01, -4.8354e-01,  9.6513e-01, -2.6176e-01,
          9.9861e-01, -5.2688e-02,  9.9091e-01,  1.3450e-01,  9.5509e-01,
          2.9632e-01,  9.0149e-01,  4.3281e-01,  8.3788e-01,  5.4585e-01,
          7.6984e-01,  6.3823e-01,  7.0119e-01,  7.1298e-01,  6.3442e-01,
          7.7299e-01,  5.7109e-01,  8.2088e-01,  5.1207e-01,  8.5894e-01,
          4.5775e-01,  8.8908e-01,  4.0824e-01,  9.1288e-01,  3.6341e-01,
          9.3163e-01,  3.2304e-01,  9.4638e-01,  2.8684e-01,  9.5798e-01,
          2.5448e-01,  9.6708e-01,  2.2561e-01,  9.7422e-01,  1.9992e-01,
          9.7981e-01,  1.7708e-01,  9.8420e-01,  1.5679e-01,  9.8763e-01,
          1.3880e-01,  9.9032e-01,  1.2284e-01,  9.9243e-01,  1.0871e-01,
          9.9407e-01,  9.6187e-02,  9.9536e-01,  8.5100e-02,  9.9637e-01,
          7.5285e-02,  9.9716e-01,  6.6599e-02,  9.9778e-01,  5.8912e-02,
          9.9826e-01,  5.2110e-02,  9.9864e-01,  4.6093e-02,  9.9894e-01,
          4.0769e-02,  9.9917e-01,  3.6060e-02,  9.9935e-01,  3.1894e-02,
          9.9949e-01,  2.8210e-02,  9.9960e-01,  2.4950e-02,  9.9969e-01,
          2.2067e-02,  9.9976e-01,  1.9518e-02,  9.9981e-01,  1.7262e-02,
          9.9985e-01,  1.5268e-02,  9.9988e-01,  1.3503e-02,  9.9991e-01,
          1.1943e-02,  9.9993e-01,  1.0563e-02,  9.9994e-01,  9.3422e-03,
          9.9996e-01,  8.2626e-03,  9.9997e-01,  7.3078e-03,  9.9997e-01,
          6.4633e-03,  9.9998e-01,  5.7164e-03,  9.9998e-01,  5.0558e-03,
          9.9999e-01,  4.4715e-03,  9.9999e-01,  3.9548e-03,  9.9999e-01,
          3.4977e-03,  9.9999e-01,  3.0935e-03,  1.0000e+00,  2.7360e-03,
          1.0000e+00,  2.4198e-03,  1.0000e+00,  2.1402e-03,  1.0000e+00,
          1.8929e-03,  1.0000e+00,  1.6741e-03,  1.0000e+00,  1.4807e-03,
          1.0000e+00,  1.3095e-03,  1.0000e+00,  1.1582e-03,  1.0000e+00,
          1.0244e-03,  1.0000e+00,  9.0599e-04,  1.0000e+00,  8.0129e-04,
          1.0000e+00,  7.0869e-04,  1.0000e+00,  6.2679e-04,  1.0000e+00,
          5.5435e-04,  1.0000e+00,  4.9029e-04,  1.0000e+00,  4.3363e-04,
          1.0000e+00,  3.8352e-04,  1.0000e+00,  3.3920e-04,  1.0000e+00,
          0.0000e+00,  0.0000e+00,  0.0000e+00,  0.0000e+00,  0.0000e+00,
          0.0000e+00,  0.0000e+00,  0.0000e+00,  0.0000e+00,  0.0000e+00,
          0.0000e+00,  0.0000e+00,  0.0000e+00,  0.0000e+00,  0.0000e+00,
          0.0000e+00,  0.0000e+00,  0.0000e+00,  0.0000e+00,  0.0000e+00,
          0.0000e+00,  0.0000e+00,  0.0000e+00,  0.0000e+00,  0.0000e+00,
          0.0000e+00,  0.0000e+00,  0.0000e+00,  0.0000e+00,  0.0000e+00,
          0.0000e+00,  0.0000e+00,  0.0000e+00,  0.0000e+00,  0.0000e+00,
          0.0000e+00,  0.0000e+00,  0.0000e+00,  0.0000e+00,  0.0000e+00,
          0.0000e+00,  0.0000e+00,  0.0000e+00,  0.0000e+00,  0.0000e+00,
          0.0000e+00,  0.0000e+00,  0.0000e+00,  0.0000e+00,  0.0000e+00,
          0.0000e+00,  0.0000e+00,  0.0000e+00,  0.0000e+00,  0.0000e+00,
          0.0000e+00,  0.0000e+00,  0.0000e+00,  0.0000e+00,  0.0000e+00,
          0.0000e+00,  0.0000e+00,  0.0000e+00,  0.0000e+00,  0.0000e+00,
          0.0000e+00,  0.0000e+00,  0.0000e+00,  0.0000e+00,  0.0000e+00,
          0.0000e+00,  0.0000e+00,  0.0000e+00,  0.0000e+00,  0.0000e+00,
          0.0000e+00,  0.0000e+00,  0.0000e+00,  0.0000e+00,  0.0000e+00,
          0.0000e+00,  0.0000e+00,  0.0000e+00,  0.0000e+00,  0.0000e+00,
          0.0000e+00,  0.0000e+00,  0.0000e+00,  0.0000e+00,  0.0000e+00,
          0.0000e+00,  0.0000e+00,  0.0000e+00,  0.0000e+00,  0.0000e+00,
          0.0000e+00,  0.0000e+00,  0.0000e+00,  0.0000e+00,  0.0000e+00,
          0.0000e+00,  0.0000e+00,  0.0000e+00,  0.0000e+00,  0.0000e+00,
          0.0000e+00,  0.0000e+00,  0.0000e+00,  0.0000e+00,  0.0000e+00,
          0.0000e+00,  0.0000e+00,  0.0000e+00,  0.0000e+00,  0.0000e+00,
          0.0000e+00,  0.0000e+00,  0.0000e+00,  0.0000e+00,  0.0000e+00,
          0.0000e+00,  0.0000e+00,  0.0000e+00,  0.0000e+00,  0.0000e+00,
          0.0000e+00,  0.0000e+00,  0.0000e+00,  0.0000e+00,  0.0000e+00,
          0.0000e+00,  0.0000e+00,  0.0000e+00,  0.0000e+00,  0.0000e+00,
          0.0000e+00,  0.0000e+00,  0.0000e+00,  0.0000e+00,  0.0000e+00,
          0.0000e+00,  0.0000e+00,  0.0000e+00,  0.0000e+00,  0.0000e+00,
          0.0000e+00,  0.0000e+00,  0.0000e+00,  0.0000e+00,  0.0000e+00],
        [-7.5680e-01, -6.5364e-01, -3.8587e-01, -9.2255e-01,  1.2680e-02,
         -9.9992e-01,  3.6559e-01, -9.3078e-01,  6.3967e-01, -7.6865e-01,
          8.2877e-01, -5.5958e-01,  9.4151e-01, -3.3700e-01,  9.9251e-01,
         -1.2217e-01,  9.9732e-01,  7.3140e-02,  9.6983e-01,  2.4379e-01,
          9.2132e-01,  3.8881e-01,  8.6041e-01,  5.0960e-01,  7.9338e-01,
          6.0872e-01,  7.2460e-01,  6.8917e-01,  6.5697e-01,  7.5392e-01,
          5.9234e-01,  8.0569e-01,  5.3177e-01,  8.4689e-01,  4.7582e-01,
          8.7954e-01,  4.2466e-01,  9.0535e-01,  3.7825e-01,  9.2570e-01,
          3.3639e-01,  9.4172e-01,  2.9880e-01,  9.5432e-01,  2.6516e-01,
          9.6421e-01,  2.3513e-01,  9.7196e-01,  2.0838e-01,  9.7805e-01,
          1.8460e-01,  9.8281e-01,  1.6347e-01,  9.8655e-01,  1.4472e-01,
          9.8947e-01,  1.2809e-01,  9.9176e-01,  1.1336e-01,  9.9355e-01,
          1.0031e-01,  9.9496e-01,  8.8747e-02,  9.9605e-01,  7.8514e-02,
          9.9691e-01,  6.9456e-02,  9.9758e-01,  6.1440e-02,  9.9811e-01,
          5.4347e-02,  9.9852e-01,  4.8072e-02,  9.9884e-01,  4.2520e-02,
          9.9910e-01,  3.7609e-02,  9.9929e-01,  3.3264e-02,  9.9945e-01,
          2.9421e-02,  9.9957e-01,  2.6022e-02,  9.9966e-01,  2.3016e-02,
          9.9974e-01,  2.0356e-02,  9.9979e-01,  1.8004e-02,  9.9984e-01,
          1.5924e-02,  9.9987e-01,  1.4084e-02,  9.9990e-01,  1.2456e-02,
          9.9992e-01,  1.1017e-02,  9.9994e-01,  9.7436e-03,  9.9995e-01,
          8.6176e-03,  9.9996e-01,  7.6218e-03,  9.9997e-01,  6.7410e-03,
          9.9998e-01,  5.9620e-03,  9.9998e-01,  5.2730e-03,  9.9999e-01,
          4.6636e-03,  9.9999e-01,  4.1247e-03,  9.9999e-01,  3.6480e-03,
          9.9999e-01,  3.2265e-03,  9.9999e-01,  2.8536e-03,  1.0000e+00,
          2.5238e-03,  1.0000e+00,  2.2322e-03,  1.0000e+00,  1.9742e-03,
          1.0000e+00,  1.7461e-03,  1.0000e+00,  1.5443e-03,  1.0000e+00,
          1.3658e-03,  1.0000e+00,  1.2080e-03,  1.0000e+00,  1.0684e-03,
          1.0000e+00,  9.4492e-04,  1.0000e+00,  8.3572e-04,  1.0000e+00,
          7.3914e-04,  1.0000e+00,  6.5372e-04,  1.0000e+00,  5.7818e-04,
          1.0000e+00,  5.1136e-04,  1.0000e+00,  4.5227e-04,  1.0000e+00,
          0.0000e+00,  0.0000e+00,  0.0000e+00,  0.0000e+00,  0.0000e+00,
          0.0000e+00,  0.0000e+00,  0.0000e+00,  0.0000e+00,  0.0000e+00,
          0.0000e+00,  0.0000e+00,  0.0000e+00,  0.0000e+00,  0.0000e+00,
          0.0000e+00,  0.0000e+00,  0.0000e+00,  0.0000e+00,  0.0000e+00,
          0.0000e+00,  0.0000e+00,  0.0000e+00,  0.0000e+00,  0.0000e+00,
          0.0000e+00,  0.0000e+00,  0.0000e+00,  0.0000e+00,  0.0000e+00,
          0.0000e+00,  0.0000e+00,  0.0000e+00,  0.0000e+00,  0.0000e+00,
          0.0000e+00,  0.0000e+00,  0.0000e+00,  0.0000e+00,  0.0000e+00,
          0.0000e+00,  0.0000e+00,  0.0000e+00,  0.0000e+00,  0.0000e+00,
          0.0000e+00,  0.0000e+00,  0.0000e+00,  0.0000e+00,  0.0000e+00,
          0.0000e+00,  0.0000e+00,  0.0000e+00,  0.0000e+00,  0.0000e+00,
          0.0000e+00,  0.0000e+00,  0.0000e+00,  0.0000e+00,  0.0000e+00,
          0.0000e+00,  0.0000e+00,  0.0000e+00,  0.0000e+00,  0.0000e+00,
          0.0000e+00,  0.0000e+00,  0.0000e+00,  0.0000e+00,  0.0000e+00,
          0.0000e+00,  0.0000e+00,  0.0000e+00,  0.0000e+00,  0.0000e+00,
          0.0000e+00,  0.0000e+00,  0.0000e+00,  0.0000e+00,  0.0000e+00,
          0.0000e+00,  0.0000e+00,  0.0000e+00,  0.0000e+00,  0.0000e+00,
          0.0000e+00,  0.0000e+00,  0.0000e+00,  0.0000e+00,  0.0000e+00,
          0.0000e+00,  0.0000e+00,  0.0000e+00,  0.0000e+00,  0.0000e+00,
          0.0000e+00,  0.0000e+00,  0.0000e+00,  0.0000e+00,  0.0000e+00,
          0.0000e+00,  0.0000e+00,  0.0000e+00,  0.0000e+00,  0.0000e+00,
          0.0000e+00,  0.0000e+00,  0.0000e+00,  0.0000e+00,  0.0000e+00,
          0.0000e+00,  0.0000e+00,  0.0000e+00,  0.0000e+00,  0.0000e+00,
          0.0000e+00,  0.0000e+00,  0.0000e+00,  0.0000e+00,  0.0000e+00,
          0.0000e+00,  0.0000e+00,  0.0000e+00,  0.0000e+00,  0.0000e+00,
          0.0000e+00,  0.0000e+00,  0.0000e+00,  0.0000e+00,  0.0000e+00,
          0.0000e+00,  0.0000e+00,  0.0000e+00,  0.0000e+00,  0.0000e+00,
          0.0000e+00,  0.0000e+00,  0.0000e+00,  0.0000e+00,  0.0000e+00,
          0.0000e+00,  0.0000e+00,  0.0000e+00,  0.0000e+00,  0.0000e+00,
          0.0000e+00,  0.0000e+00,  0.0000e+00,  0.0000e+00,  0.0000e+00],
        [-9.5892e-01,  2.8366e-01, -9.5818e-01, -2.8615e-01, -6.9581e-01,
         -7.1823e-01, -3.1225e-01, -9.5000e-01,  8.2097e-02, -9.9662e-01,
          4.2209e-01, -9.0656e-01,  6.8050e-01, -7.3275e-01,  8.5472e-01,
         -5.1910e-01,  9.5498e-01, -2.9666e-01,  9.9640e-01, -8.4757e-02,
          9.9434e-01,  1.0627e-01,  9.6224e-01,  2.7222e-01,  9.1089e-01,
          4.1265e-01,  8.4846e-01,  5.2926e-01,  7.8083e-01,  6.2475e-01,
          7.1207e-01,  7.0211e-01,  6.4488e-01,  7.6428e-01,  5.8093e-01,
          8.1395e-01,  5.2119e-01,  8.5344e-01,  4.6610e-01,  8.8473e-01,
          4.1582e-01,  9.0945e-01,  3.7026e-01,  9.2893e-01,  3.2920e-01,
          9.4426e-01,  2.9236e-01,  9.5631e-01,  2.5940e-01,  9.6577e-01,
          2.3000e-01,  9.7319e-01,  2.0382e-01,  9.7901e-01,  1.8054e-01,
          9.8357e-01,  1.5987e-01,  9.8714e-01,  1.4153e-01,  9.8993e-01,
          1.2526e-01,  9.9212e-01,  1.1085e-01,  9.9384e-01,  9.8085e-02,
          9.9518e-01,  8.6781e-02,  9.9623e-01,  7.6773e-02,  9.9705e-01,
          6.7915e-02,  9.9769e-01,  6.0077e-02,  9.9819e-01,  5.3141e-02,
          9.9859e-01,  4.7005e-02,  9.9889e-01,  4.1576e-02,  9.9914e-01,
          3.6774e-02,  9.9932e-01,  3.2526e-02,  9.9947e-01,  2.8768e-02,
          9.9959e-01,  2.5444e-02,  9.9968e-01,  2.2504e-02,  9.9975e-01,
          1.9904e-02,  9.9980e-01,  1.7604e-02,  9.9985e-01,  1.5570e-02,
          9.9988e-01,  1.3771e-02,  9.9991e-01,  1.2179e-02,  9.9993e-01,
          1.0772e-02,  9.9994e-01,  9.5272e-03,  9.9995e-01,  8.4262e-03,
          9.9996e-01,  7.4525e-03,  9.9997e-01,  6.5912e-03,  9.9998e-01,
          5.8295e-03,  9.9998e-01,  5.1559e-03,  9.9999e-01,  4.5600e-03,
          9.9999e-01,  4.0331e-03,  9.9999e-01,  3.5670e-03,  9.9999e-01,
          3.1548e-03,  1.0000e+00,  2.7902e-03,  1.0000e+00,  2.4678e-03,
          1.0000e+00,  2.1826e-03,  1.0000e+00,  1.9304e-03,  1.0000e+00,
          1.7073e-03,  1.0000e+00,  1.5100e-03,  1.0000e+00,  1.3355e-03,
          1.0000e+00,  1.1811e-03,  1.0000e+00,  1.0446e-03,  1.0000e+00,
          9.2392e-04,  1.0000e+00,  8.1715e-04,  1.0000e+00,  7.2272e-04,
          1.0000e+00,  6.3920e-04,  1.0000e+00,  5.6533e-04,  1.0000e+00,
          0.0000e+00,  0.0000e+00,  0.0000e+00,  0.0000e+00,  0.0000e+00,
          0.0000e+00,  0.0000e+00,  0.0000e+00,  0.0000e+00,  0.0000e+00,
          0.0000e+00,  0.0000e+00,  0.0000e+00,  0.0000e+00,  0.0000e+00,
          0.0000e+00,  0.0000e+00,  0.0000e+00,  0.0000e+00,  0.0000e+00,
          0.0000e+00,  0.0000e+00,  0.0000e+00,  0.0000e+00,  0.0000e+00,
          0.0000e+00,  0.0000e+00,  0.0000e+00,  0.0000e+00,  0.0000e+00,
          0.0000e+00,  0.0000e+00,  0.0000e+00,  0.0000e+00,  0.0000e+00,
          0.0000e+00,  0.0000e+00,  0.0000e+00,  0.0000e+00,  0.0000e+00,
          0.0000e+00,  0.0000e+00,  0.0000e+00,  0.0000e+00,  0.0000e+00,
          0.0000e+00,  0.0000e+00,  0.0000e+00,  0.0000e+00,  0.0000e+00,
          0.0000e+00,  0.0000e+00,  0.0000e+00,  0.0000e+00,  0.0000e+00,
          0.0000e+00,  0.0000e+00,  0.0000e+00,  0.0000e+00,  0.0000e+00,
          0.0000e+00,  0.0000e+00,  0.0000e+00,  0.0000e+00,  0.0000e+00,
          0.0000e+00,  0.0000e+00,  0.0000e+00,  0.0000e+00,  0.0000e+00,
          0.0000e+00,  0.0000e+00,  0.0000e+00,  0.0000e+00,  0.0000e+00,
          0.0000e+00,  0.0000e+00,  0.0000e+00,  0.0000e+00,  0.0000e+00,
          0.0000e+00,  0.0000e+00,  0.0000e+00,  0.0000e+00,  0.0000e+00,
          0.0000e+00,  0.0000e+00,  0.0000e+00,  0.0000e+00,  0.0000e+00,
          0.0000e+00,  0.0000e+00,  0.0000e+00,  0.0000e+00,  0.0000e+00,
          0.0000e+00,  0.0000e+00,  0.0000e+00,  0.0000e+00,  0.0000e+00,
          0.0000e+00,  0.0000e+00,  0.0000e+00,  0.0000e+00,  0.0000e+00,
          0.0000e+00,  0.0000e+00,  0.0000e+00,  0.0000e+00,  0.0000e+00,
          0.0000e+00,  0.0000e+00,  0.0000e+00,  0.0000e+00,  0.0000e+00,
          0.0000e+00,  0.0000e+00,  0.0000e+00,  0.0000e+00,  0.0000e+00,
          0.0000e+00,  0.0000e+00,  0.0000e+00,  0.0000e+00,  0.0000e+00,
          0.0000e+00,  0.0000e+00,  0.0000e+00,  0.0000e+00,  0.0000e+00,
          0.0000e+00,  0.0000e+00,  0.0000e+00,  0.0000e+00,  0.0000e+00,
          0.0000e+00,  0.0000e+00,  0.0000e+00,  0.0000e+00,  0.0000e+00,
          0.0000e+00,  0.0000e+00,  0.0000e+00,  0.0000e+00,  0.0000e+00,
          0.0000e+00,  0.0000e+00,  0.0000e+00,  0.0000e+00,  0.0000e+00],
        [-2.7942e-01,  9.6017e-01, -8.2858e-01,  5.5987e-01, -9.9982e-01,
         -1.9020e-02, -8.4651e-01, -5.3237e-01, -5.0527e-01, -8.6296e-01,
         -1.0523e-01, -9.9445e-01,  2.6655e-01, -9.6382e-01,  5.6603e-01,
         -8.2438e-01,  7.8034e-01, -6.2536e-01,  9.1472e-01, -4.0410e-01,
          9.8268e-01, -1.8531e-01,  9.9986e-01,  1.6675e-02,  9.8080e-01,
          1.9502e-01,  9.3760e-01,  3.4770e-01,  8.7968e-01,  4.7557e-01,
          8.1396e-01,  5.8092e-01,  7.4534e-01,  6.6669e-01,  6.7712e-01,
          7.3587e-01,  6.1145e-01,  7.9129e-01,  5.4958e-01,  8.3544e-01,
          4.9220e-01,  8.7048e-01,  4.3959e-01,  8.9820e-01,  3.9176e-01,
          9.2007e-01,  3.4855e-01,  9.3729e-01,  3.0971e-01,  9.5083e-01,
          2.7491e-01,  9.6147e-01,  2.4383e-01,  9.6982e-01,  2.1613e-01,
          9.7637e-01,  1.9148e-01,  9.8150e-01,  1.6958e-01,  9.8552e-01,
          1.5014e-01,  9.8866e-01,  1.3290e-01,  9.9113e-01,  1.1762e-01,
          9.9306e-01,  1.0408e-01,  9.9457e-01,  9.2088e-02,  9.9575e-01,
          8.1471e-02,  9.9668e-01,  7.2073e-02,  9.9740e-01,  6.3756e-02,
          9.9797e-01,  5.6397e-02,  9.9841e-01,  4.9885e-02,  9.9875e-01,
          4.4124e-02,  9.9903e-01,  3.9028e-02,  9.9924e-01,  3.4520e-02,
          9.9940e-01,  3.0532e-02,  9.9953e-01,  2.7004e-02,  9.9964e-01,
          2.3884e-02,  9.9971e-01,  2.1124e-02,  9.9978e-01,  1.8684e-02,
          9.9983e-01,  1.6525e-02,  9.9986e-01,  1.4615e-02,  9.9989e-01,
          1.2926e-02,  9.9992e-01,  1.1433e-02,  9.9993e-01,  1.0111e-02,
          9.9995e-01,  8.9429e-03,  9.9996e-01,  7.9095e-03,  9.9997e-01,
          6.9954e-03,  9.9998e-01,  6.1870e-03,  9.9998e-01,  5.4720e-03,
          9.9999e-01,  4.8397e-03,  9.9999e-01,  4.2804e-03,  9.9999e-01,
          3.7857e-03,  9.9999e-01,  3.3482e-03,  9.9999e-01,  2.9613e-03,
          1.0000e+00,  2.6191e-03,  1.0000e+00,  2.3164e-03,  1.0000e+00,
          2.0487e-03,  1.0000e+00,  1.8120e-03,  1.0000e+00,  1.6026e-03,
          1.0000e+00,  1.4174e-03,  1.0000e+00,  1.2536e-03,  1.0000e+00,
          1.1087e-03,  1.0000e+00,  9.8058e-04,  1.0000e+00,  8.6726e-04,
          1.0000e+00,  7.6704e-04,  1.0000e+00,  6.7840e-04,  1.0000e+00,
          0.0000e+00,  0.0000e+00,  0.0000e+00,  0.0000e+00,  0.0000e+00,
          0.0000e+00,  0.0000e+00,  0.0000e+00,  0.0000e+00,  0.0000e+00,
          0.0000e+00,  0.0000e+00,  0.0000e+00,  0.0000e+00,  0.0000e+00,
          0.0000e+00,  0.0000e+00,  0.0000e+00,  0.0000e+00,  0.0000e+00,
          0.0000e+00,  0.0000e+00,  0.0000e+00,  0.0000e+00,  0.0000e+00,
          0.0000e+00,  0.0000e+00,  0.0000e+00,  0.0000e+00,  0.0000e+00,
          0.0000e+00,  0.0000e+00,  0.0000e+00,  0.0000e+00,  0.0000e+00,
          0.0000e+00,  0.0000e+00,  0.0000e+00,  0.0000e+00,  0.0000e+00,
          0.0000e+00,  0.0000e+00,  0.0000e+00,  0.0000e+00,  0.0000e+00,
          0.0000e+00,  0.0000e+00,  0.0000e+00,  0.0000e+00,  0.0000e+00,
          0.0000e+00,  0.0000e+00,  0.0000e+00,  0.0000e+00,  0.0000e+00,
          0.0000e+00,  0.0000e+00,  0.0000e+00,  0.0000e+00,  0.0000e+00,
          0.0000e+00,  0.0000e+00,  0.0000e+00,  0.0000e+00,  0.0000e+00,
          0.0000e+00,  0.0000e+00,  0.0000e+00,  0.0000e+00,  0.0000e+00,
          0.0000e+00,  0.0000e+00,  0.0000e+00,  0.0000e+00,  0.0000e+00,
          0.0000e+00,  0.0000e+00,  0.0000e+00,  0.0000e+00,  0.0000e+00,
          0.0000e+00,  0.0000e+00,  0.0000e+00,  0.0000e+00,  0.0000e+00,
          0.0000e+00,  0.0000e+00,  0.0000e+00,  0.0000e+00,  0.0000e+00,
          0.0000e+00,  0.0000e+00,  0.0000e+00,  0.0000e+00,  0.0000e+00,
          0.0000e+00,  0.0000e+00,  0.0000e+00,  0.0000e+00,  0.0000e+00,
          0.0000e+00,  0.0000e+00,  0.0000e+00,  0.0000e+00,  0.0000e+00,
          0.0000e+00,  0.0000e+00,  0.0000e+00,  0.0000e+00,  0.0000e+00,
          0.0000e+00,  0.0000e+00,  0.0000e+00,  0.0000e+00,  0.0000e+00,
          0.0000e+00,  0.0000e+00,  0.0000e+00,  0.0000e+00,  0.0000e+00,
          0.0000e+00,  0.0000e+00,  0.0000e+00,  0.0000e+00,  0.0000e+00,
          0.0000e+00,  0.0000e+00,  0.0000e+00,  0.0000e+00,  0.0000e+00,
          0.0000e+00,  0.0000e+00,  0.0000e+00,  0.0000e+00,  0.0000e+00,
          0.0000e+00,  0.0000e+00,  0.0000e+00,  0.0000e+00,  0.0000e+00,
          0.0000e+00,  0.0000e+00,  0.0000e+00,  0.0000e+00,  0.0000e+00,
          0.0000e+00,  0.0000e+00,  0.0000e+00,  0.0000e+00,  0.0000e+00],
        [ 6.5699e-01,  7.5390e-01, -9.1999e-02,  9.9576e-01, -7.2262e-01,
          6.9124e-01, -9.9151e-01,  1.3006e-01, -9.0929e-01, -4.1617e-01,
         -6.0247e-01, -7.9814e-01, -2.0730e-01, -9.7828e-01,  1.7742e-01,
         -9.8413e-01,  4.9758e-01, -8.6742e-01,  7.3365e-01, -6.7953e-01,
          8.8734e-01, -4.6112e-01,  9.7078e-01, -2.3998e-01,  9.9946e-01,
         -3.2805e-02,  9.8839e-01,  1.5192e-01,  9.5036e-01,  3.1116e-01,
          8.9544e-01,  4.4518e-01,  8.3117e-01,  5.5601e-01,  7.6292e-01,
          6.4649e-01,  6.9436e-01,  7.1962e-01,  6.2789e-01,  7.7830e-01,
          5.6496e-01,  8.2512e-01,  5.0640e-01,  8.6230e-01,  4.5256e-01,
          8.9173e-01,  4.0353e-01,  9.1497e-01,  3.5916e-01,  9.3328e-01,
          3.1922e-01,  9.4768e-01,  2.8342e-01,  9.5899e-01,  2.5143e-01,
          9.6788e-01,  2.2290e-01,  9.7484e-01,  1.9750e-01,  9.8030e-01,
          1.7493e-01,  9.8458e-01,  1.5489e-01,  9.8793e-01,  1.3711e-01,
          9.9056e-01,  1.2135e-01,  9.9261e-01,  1.0738e-01,  9.9422e-01,
          9.5011e-02,  9.9548e-01,  8.4059e-02,  9.9646e-01,  7.4364e-02,
          9.9723e-01,  6.5784e-02,  9.9783e-01,  5.8191e-02,  9.9831e-01,
          5.1472e-02,  9.9867e-01,  4.5528e-02,  9.9896e-01,  4.0270e-02,
          9.9919e-01,  3.5618e-02,  9.9937e-01,  3.1504e-02,  9.9950e-01,
          2.7864e-02,  9.9961e-01,  2.4645e-02,  9.9970e-01,  2.1797e-02,
          9.9976e-01,  1.9278e-02,  9.9981e-01,  1.7051e-02,  9.9985e-01,
          1.5080e-02,  9.9989e-01,  1.3338e-02,  9.9991e-01,  1.1797e-02,
          9.9993e-01,  1.0433e-02,  9.9995e-01,  9.2277e-03,  9.9996e-01,
          8.1613e-03,  9.9997e-01,  7.2182e-03,  9.9997e-01,  6.3840e-03,
          9.9998e-01,  5.6463e-03,  9.9998e-01,  4.9938e-03,  9.9999e-01,
          4.4167e-03,  9.9999e-01,  3.9063e-03,  9.9999e-01,  3.4549e-03,
          9.9999e-01,  3.0556e-03,  1.0000e+00,  2.7025e-03,  1.0000e+00,
          2.3902e-03,  1.0000e+00,  2.1140e-03,  1.0000e+00,  1.8697e-03,
          1.0000e+00,  1.6536e-03,  1.0000e+00,  1.4625e-03,  1.0000e+00,
          1.2935e-03,  1.0000e+00,  1.1440e-03,  1.0000e+00,  1.0118e-03,
          1.0000e+00,  8.9488e-04,  1.0000e+00,  7.9146e-04,  1.0000e+00,
          0.0000e+00,  0.0000e+00,  0.0000e+00,  0.0000e+00,  0.0000e+00,
          0.0000e+00,  0.0000e+00,  0.0000e+00,  0.0000e+00,  0.0000e+00,
          0.0000e+00,  0.0000e+00,  0.0000e+00,  0.0000e+00,  0.0000e+00,
          0.0000e+00,  0.0000e+00,  0.0000e+00,  0.0000e+00,  0.0000e+00,
          0.0000e+00,  0.0000e+00,  0.0000e+00,  0.0000e+00,  0.0000e+00,
          0.0000e+00,  0.0000e+00,  0.0000e+00,  0.0000e+00,  0.0000e+00,
          0.0000e+00,  0.0000e+00,  0.0000e+00,  0.0000e+00,  0.0000e+00,
          0.0000e+00,  0.0000e+00,  0.0000e+00,  0.0000e+00,  0.0000e+00,
          0.0000e+00,  0.0000e+00,  0.0000e+00,  0.0000e+00,  0.0000e+00,
          0.0000e+00,  0.0000e+00,  0.0000e+00,  0.0000e+00,  0.0000e+00,
          0.0000e+00,  0.0000e+00,  0.0000e+00,  0.0000e+00,  0.0000e+00,
          0.0000e+00,  0.0000e+00,  0.0000e+00,  0.0000e+00,  0.0000e+00,
          0.0000e+00,  0.0000e+00,  0.0000e+00,  0.0000e+00,  0.0000e+00,
          0.0000e+00,  0.0000e+00,  0.0000e+00,  0.0000e+00,  0.0000e+00,
          0.0000e+00,  0.0000e+00,  0.0000e+00,  0.0000e+00,  0.0000e+00,
          0.0000e+00,  0.0000e+00,  0.0000e+00,  0.0000e+00,  0.0000e+00,
          0.0000e+00,  0.0000e+00,  0.0000e+00,  0.0000e+00,  0.0000e+00,
          0.0000e+00,  0.0000e+00,  0.0000e+00,  0.0000e+00,  0.0000e+00,
          0.0000e+00,  0.0000e+00,  0.0000e+00,  0.0000e+00,  0.0000e+00,
          0.0000e+00,  0.0000e+00,  0.0000e+00,  0.0000e+00,  0.0000e+00,
          0.0000e+00,  0.0000e+00,  0.0000e+00,  0.0000e+00,  0.0000e+00,
          0.0000e+00,  0.0000e+00,  0.0000e+00,  0.0000e+00,  0.0000e+00,
          0.0000e+00,  0.0000e+00,  0.0000e+00,  0.0000e+00,  0.0000e+00,
          0.0000e+00,  0.0000e+00,  0.0000e+00,  0.0000e+00,  0.0000e+00,
          0.0000e+00,  0.0000e+00,  0.0000e+00,  0.0000e+00,  0.0000e+00,
          0.0000e+00,  0.0000e+00,  0.0000e+00,  0.0000e+00,  0.0000e+00,
          0.0000e+00,  0.0000e+00,  0.0000e+00,  0.0000e+00,  0.0000e+00,
          0.0000e+00,  0.0000e+00,  0.0000e+00,  0.0000e+00,  0.0000e+00,
          0.0000e+00,  0.0000e+00,  0.0000e+00,  0.0000e+00,  0.0000e+00,
          0.0000e+00,  0.0000e+00,  0.0000e+00,  0.0000e+00,  0.0000e+00],
        [ 9.8936e-01, -1.4550e-01,  7.1198e-01,  7.0220e-01, -2.5359e-02,
          9.9968e-01, -6.8057e-01,  7.3268e-01, -9.8336e-01,  1.8164e-01,
         -9.2754e-01, -3.7374e-01, -6.3457e-01, -7.7287e-01, -2.4251e-01,
         -9.7015e-01,  1.4589e-01, -9.8930e-01,  4.7287e-01, -8.8113e-01,
          7.1643e-01, -6.9766e-01,  8.7693e-01, -4.8062e-01,  9.6590e-01,
         -2.5891e-01,  9.9874e-01, -5.0084e-02,  9.9060e-01,  1.3678e-01,
          9.5448e-01,  2.9827e-01,  9.0071e-01,  4.3443e-01,  8.3701e-01,
          5.4719e-01,  7.6894e-01,  6.3932e-01,  7.0030e-01,  7.1385e-01,
          6.3357e-01,  7.7369e-01,  5.7029e-01,  8.2144e-01,  5.1133e-01,
          8.5938e-01,  4.5708e-01,  8.8943e-01,  4.0762e-01,  9.1315e-01,
          3.6285e-01,  9.3185e-01,  3.2254e-01,  9.4655e-01,  2.8640e-01,
          9.5811e-01,  2.5408e-01,  9.6718e-01,  2.2526e-01,  9.7430e-01,
          1.9960e-01,  9.7988e-01,  1.7679e-01,  9.8425e-01,  1.5654e-01,
          9.8767e-01,  1.3858e-01,  9.9035e-01,  1.2265e-01,  9.9245e-01,
          1.0853e-01,  9.9409e-01,  9.6033e-02,  9.9538e-01,  8.4964e-02,
          9.9638e-01,  7.5165e-02,  9.9717e-01,  6.6492e-02,  9.9779e-01,
          5.8817e-02,  9.9827e-01,  5.2027e-02,  9.9865e-01,  4.6019e-02,
          9.9894e-01,  4.0704e-02,  9.9917e-01,  3.6002e-02,  9.9935e-01,
          3.1843e-02,  9.9949e-01,  2.8164e-02,  9.9960e-01,  2.4910e-02,
          9.9969e-01,  2.2032e-02,  9.9976e-01,  1.9486e-02,  9.9981e-01,
          1.7235e-02,  9.9985e-01,  1.5243e-02,  9.9988e-01,  1.3482e-02,
          9.9991e-01,  1.1924e-02,  9.9993e-01,  1.0546e-02,  9.9994e-01,
          9.3272e-03,  9.9996e-01,  8.2493e-03,  9.9997e-01,  7.2960e-03,
          9.9997e-01,  6.4529e-03,  9.9998e-01,  5.7072e-03,  9.9998e-01,
          5.0476e-03,  9.9999e-01,  4.4643e-03,  9.9999e-01,  3.9484e-03,
          9.9999e-01,  3.4921e-03,  9.9999e-01,  3.0886e-03,  1.0000e+00,
          2.7316e-03,  1.0000e+00,  2.4160e-03,  1.0000e+00,  2.1368e-03,
          1.0000e+00,  1.8898e-03,  1.0000e+00,  1.6714e-03,  1.0000e+00,
          1.4783e-03,  1.0000e+00,  1.3074e-03,  1.0000e+00,  1.1564e-03,
          1.0000e+00,  1.0227e-03,  1.0000e+00,  9.0453e-04,  1.0000e+00,
          0.0000e+00,  0.0000e+00,  0.0000e+00,  0.0000e+00,  0.0000e+00,
          0.0000e+00,  0.0000e+00,  0.0000e+00,  0.0000e+00,  0.0000e+00,
          0.0000e+00,  0.0000e+00,  0.0000e+00,  0.0000e+00,  0.0000e+00,
          0.0000e+00,  0.0000e+00,  0.0000e+00,  0.0000e+00,  0.0000e+00,
          0.0000e+00,  0.0000e+00,  0.0000e+00,  0.0000e+00,  0.0000e+00,
          0.0000e+00,  0.0000e+00,  0.0000e+00,  0.0000e+00,  0.0000e+00,
          0.0000e+00,  0.0000e+00,  0.0000e+00,  0.0000e+00,  0.0000e+00,
          0.0000e+00,  0.0000e+00,  0.0000e+00,  0.0000e+00,  0.0000e+00,
          0.0000e+00,  0.0000e+00,  0.0000e+00,  0.0000e+00,  0.0000e+00,
          0.0000e+00,  0.0000e+00,  0.0000e+00,  0.0000e+00,  0.0000e+00,
          0.0000e+00,  0.0000e+00,  0.0000e+00,  0.0000e+00,  0.0000e+00,
          0.0000e+00,  0.0000e+00,  0.0000e+00,  0.0000e+00,  0.0000e+00,
          0.0000e+00,  0.0000e+00,  0.0000e+00,  0.0000e+00,  0.0000e+00,
          0.0000e+00,  0.0000e+00,  0.0000e+00,  0.0000e+00,  0.0000e+00,
          0.0000e+00,  0.0000e+00,  0.0000e+00,  0.0000e+00,  0.0000e+00,
          0.0000e+00,  0.0000e+00,  0.0000e+00,  0.0000e+00,  0.0000e+00,
          0.0000e+00,  0.0000e+00,  0.0000e+00,  0.0000e+00,  0.0000e+00,
          0.0000e+00,  0.0000e+00,  0.0000e+00,  0.0000e+00,  0.0000e+00,
          0.0000e+00,  0.0000e+00,  0.0000e+00,  0.0000e+00,  0.0000e+00,
          0.0000e+00,  0.0000e+00,  0.0000e+00,  0.0000e+00,  0.0000e+00,
          0.0000e+00,  0.0000e+00,  0.0000e+00,  0.0000e+00,  0.0000e+00,
          0.0000e+00,  0.0000e+00,  0.0000e+00,  0.0000e+00,  0.0000e+00,
          0.0000e+00,  0.0000e+00,  0.0000e+00,  0.0000e+00,  0.0000e+00,
          0.0000e+00,  0.0000e+00,  0.0000e+00,  0.0000e+00,  0.0000e+00,
          0.0000e+00,  0.0000e+00,  0.0000e+00,  0.0000e+00,  0.0000e+00,
          0.0000e+00,  0.0000e+00,  0.0000e+00,  0.0000e+00,  0.0000e+00,
          0.0000e+00,  0.0000e+00,  0.0000e+00,  0.0000e+00,  0.0000e+00,
          0.0000e+00,  0.0000e+00,  0.0000e+00,  0.0000e+00,  0.0000e+00,
          0.0000e+00,  0.0000e+00,  0.0000e+00,  0.0000e+00,  0.0000e+00,
          0.0000e+00,  0.0000e+00,  0.0000e+00,  0.0000e+00,  0.0000e+00],
        [ 4.1212e-01, -9.1113e-01,  9.9439e-01, -1.0575e-01,  6.8665e-01,
          7.2699e-01, -5.6676e-02,  9.9839e-01, -7.0062e-01,  7.1354e-01,
         -9.8752e-01,  1.5748e-01, -9.1921e-01, -3.9376e-01, -6.1963e-01,
         -7.8490e-01, -2.2602e-01, -9.7412e-01,  1.6071e-01, -9.8700e-01,
          4.8452e-01, -8.7478e-01,  7.2457e-01, -6.8920e-01,  8.8187e-01,
         -4.7149e-01,  9.6824e-01, -2.5004e-01,  9.9912e-01, -4.1974e-02,
          9.8959e-01,  1.4389e-01,  9.5257e-01,  3.0433e-01,  8.9825e-01,
          4.3948e-01,  8.3428e-01,  5.5134e-01,  7.6612e-01,  6.4269e-01,
          6.9752e-01,  7.1657e-01,  6.3091e-01,  7.7586e-01,  5.6779e-01,
          8.2317e-01,  5.0902e-01,  8.6076e-01,  4.5496e-01,  8.9051e-01,
          4.0570e-01,  9.1401e-01,  3.6112e-01,  9.3252e-01,  3.2099e-01,
          9.4708e-01,  2.8500e-01,  9.5853e-01,  2.5283e-01,  9.6751e-01,
          2.2415e-01,  9.7455e-01,  1.9861e-01,  9.8008e-01,  1.7592e-01,
          9.8440e-01,  1.5577e-01,  9.8779e-01,  1.3789e-01,  9.9045e-01,
          1.2204e-01,  9.9253e-01,  1.0799e-01,  9.9415e-01,  9.5553e-02,
          9.9542e-01,  8.4539e-02,  9.9642e-01,  7.4789e-02,  9.9720e-01,
          6.6159e-02,  9.9781e-01,  5.8523e-02,  9.9829e-01,  5.1766e-02,
          9.9866e-01,  4.5789e-02,  9.9895e-01,  4.0500e-02,  9.9918e-01,
          3.5822e-02,  9.9936e-01,  3.1684e-02,  9.9950e-01,  2.8023e-02,
          9.9961e-01,  2.4786e-02,  9.9969e-01,  2.1922e-02,  9.9976e-01,
          1.9389e-02,  9.9981e-01,  1.7148e-02,  9.9985e-01,  1.5167e-02,
          9.9988e-01,  1.3414e-02,  9.9991e-01,  1.1864e-02,  9.9993e-01,
          1.0493e-02,  9.9994e-01,  9.2805e-03,  9.9996e-01,  8.2080e-03,
          9.9997e-01,  7.2595e-03,  9.9997e-01,  6.4206e-03,  9.9998e-01,
          5.6786e-03,  9.9998e-01,  5.0224e-03,  9.9999e-01,  4.4420e-03,
          9.9999e-01,  3.9286e-03,  9.9999e-01,  3.4746e-03,  9.9999e-01,
          3.0731e-03,  1.0000e+00,  2.7180e-03,  1.0000e+00,  2.4039e-03,
          1.0000e+00,  2.1261e-03,  1.0000e+00,  1.8804e-03,  1.0000e+00,
          1.6631e-03,  1.0000e+00,  1.4709e-03,  1.0000e+00,  1.3009e-03,
          1.0000e+00,  1.1506e-03,  1.0000e+00,  1.0176e-03,  1.0000e+00,
          0.0000e+00,  0.0000e+00,  0.0000e+00,  0.0000e+00,  0.0000e+00,
          0.0000e+00,  0.0000e+00,  0.0000e+00,  0.0000e+00,  0.0000e+00,
          0.0000e+00,  0.0000e+00,  0.0000e+00,  0.0000e+00,  0.0000e+00,
          0.0000e+00,  0.0000e+00,  0.0000e+00,  0.0000e+00,  0.0000e+00,
          0.0000e+00,  0.0000e+00,  0.0000e+00,  0.0000e+00,  0.0000e+00,
          0.0000e+00,  0.0000e+00,  0.0000e+00,  0.0000e+00,  0.0000e+00,
          0.0000e+00,  0.0000e+00,  0.0000e+00,  0.0000e+00,  0.0000e+00,
          0.0000e+00,  0.0000e+00,  0.0000e+00,  0.0000e+00,  0.0000e+00,
          0.0000e+00,  0.0000e+00,  0.0000e+00,  0.0000e+00,  0.0000e+00,
          0.0000e+00,  0.0000e+00,  0.0000e+00,  0.0000e+00,  0.0000e+00,
          0.0000e+00,  0.0000e+00,  0.0000e+00,  0.0000e+00,  0.0000e+00,
          0.0000e+00,  0.0000e+00,  0.0000e+00,  0.0000e+00,  0.0000e+00,
          0.0000e+00,  0.0000e+00,  0.0000e+00,  0.0000e+00,  0.0000e+00,
          0.0000e+00,  0.0000e+00,  0.0000e+00,  0.0000e+00,  0.0000e+00,
          0.0000e+00,  0.0000e+00,  0.0000e+00,  0.0000e+00,  0.0000e+00,
          0.0000e+00,  0.0000e+00,  0.0000e+00,  0.0000e+00,  0.0000e+00,
          0.0000e+00,  0.0000e+00,  0.0000e+00,  0.0000e+00,  0.0000e+00,
          0.0000e+00,  0.0000e+00,  0.0000e+00,  0.0000e+00,  0.0000e+00,
          0.0000e+00,  0.0000e+00,  0.0000e+00,  0.0000e+00,  0.0000e+00,
          0.0000e+00,  0.0000e+00,  0.0000e+00,  0.0000e+00,  0.0000e+00,
          0.0000e+00,  0.0000e+00,  0.0000e+00,  0.0000e+00,  0.0000e+00,
          0.0000e+00,  0.0000e+00,  0.0000e+00,  0.0000e+00,  0.0000e+00,
          0.0000e+00,  0.0000e+00,  0.0000e+00,  0.0000e+00,  0.0000e+00,
          0.0000e+00,  0.0000e+00,  0.0000e+00,  0.0000e+00,  0.0000e+00,
          0.0000e+00,  0.0000e+00,  0.0000e+00,  0.0000e+00,  0.0000e+00,
          0.0000e+00,  0.0000e+00,  0.0000e+00,  0.0000e+00,  0.0000e+00,
          0.0000e+00,  0.0000e+00,  0.0000e+00,  0.0000e+00,  0.0000e+00,
          0.0000e+00,  0.0000e+00,  0.0000e+00,  0.0000e+00,  0.0000e+00,
          0.0000e+00,  0.0000e+00,  0.0000e+00,  0.0000e+00,  0.0000e+00,
          0.0000e+00,  0.0000e+00,  0.0000e+00,  0.0000e+00,  0.0000e+00],
        [-5.4402e-01, -8.3907e-01,  5.4837e-01, -8.3624e-01,  9.9950e-01,
          3.1697e-02,  5.9328e-01,  8.0500e-01, -1.6364e-01,  9.8652e-01,
         -7.6529e-01,  6.4369e-01, -9.9727e-01,  7.3845e-02, -8.8736e-01,
         -4.6108e-01, -5.6661e-01, -8.2399e-01, -1.6890e-01, -9.8563e-01,
          2.1134e-01, -9.7741e-01,  5.2387e-01, -8.5180e-01,  7.5176e-01,
         -6.5944e-01,  8.9812e-01, -4.3976e-01,  9.7564e-01, -2.1939e-01,
          9.9990e-01, -1.4096e-02,  9.8574e-01,  1.6825e-01,  9.4570e-01,
          3.2503e-01,  8.8960e-01,  4.5673e-01,  8.2475e-01,  5.6549e-01,
          7.5634e-01,  6.5418e-01,  6.8789e-01,  7.2582e-01,  6.2170e-01,
          7.8325e-01,  5.5917e-01,  8.2906e-01,  5.0105e-01,  8.6542e-01,
          4.4767e-01,  8.9420e-01,  3.9909e-01,  9.1691e-01,  3.5515e-01,
          9.3481e-01,  3.1563e-01,  9.4888e-01,  2.8021e-01,  9.5994e-01,
          2.4856e-01,  9.6862e-01,  2.2034e-01,  9.7542e-01,  1.9522e-01,
          9.8076e-01,  1.7291e-01,  9.8494e-01,  1.5309e-01,  9.8821e-01,
          1.3552e-01,  9.9077e-01,  1.1994e-01,  9.9278e-01,  1.0613e-01,
          9.9435e-01,  9.3906e-02,  9.9558e-01,  8.3081e-02,  9.9654e-01,
          7.3498e-02,  9.9730e-01,  6.5017e-02,  9.9788e-01,  5.7512e-02,
          9.9834e-01,  5.0872e-02,  9.9871e-01,  4.4997e-02,  9.9899e-01,
          3.9800e-02,  9.9921e-01,  3.5203e-02,  9.9938e-01,  3.1136e-02,
          9.9952e-01,  2.7539e-02,  9.9962e-01,  2.4357e-02,  9.9970e-01,
          2.1543e-02,  9.9977e-01,  1.9053e-02,  9.9982e-01,  1.6852e-02,
          9.9986e-01,  1.4904e-02,  9.9989e-01,  1.3182e-02,  9.9991e-01,
          1.1659e-02,  9.9993e-01,  1.0312e-02,  9.9995e-01,  9.1200e-03,
          9.9996e-01,  8.0661e-03,  9.9997e-01,  7.1339e-03,  9.9997e-01,
          6.3095e-03,  9.9998e-01,  5.5804e-03,  9.9998e-01,  4.9355e-03,
          9.9999e-01,  4.3651e-03,  9.9999e-01,  3.8607e-03,  9.9999e-01,
          3.4145e-03,  9.9999e-01,  3.0199e-03,  1.0000e+00,  2.6710e-03,
          1.0000e+00,  2.3623e-03,  1.0000e+00,  2.0893e-03,  1.0000e+00,
          1.8478e-03,  1.0000e+00,  1.6343e-03,  1.0000e+00,  1.4454e-03,
          1.0000e+00,  1.2784e-03,  1.0000e+00,  1.1307e-03,  1.0000e+00,
          0.0000e+00,  0.0000e+00,  0.0000e+00,  0.0000e+00,  0.0000e+00,
          0.0000e+00,  0.0000e+00,  0.0000e+00,  0.0000e+00,  0.0000e+00,
          0.0000e+00,  0.0000e+00,  0.0000e+00,  0.0000e+00,  0.0000e+00,
          0.0000e+00,  0.0000e+00,  0.0000e+00,  0.0000e+00,  0.0000e+00,
          0.0000e+00,  0.0000e+00,  0.0000e+00,  0.0000e+00,  0.0000e+00,
          0.0000e+00,  0.0000e+00,  0.0000e+00,  0.0000e+00,  0.0000e+00,
          0.0000e+00,  0.0000e+00,  0.0000e+00,  0.0000e+00,  0.0000e+00,
          0.0000e+00,  0.0000e+00,  0.0000e+00,  0.0000e+00,  0.0000e+00,
          0.0000e+00,  0.0000e+00,  0.0000e+00,  0.0000e+00,  0.0000e+00,
          0.0000e+00,  0.0000e+00,  0.0000e+00,  0.0000e+00,  0.0000e+00,
          0.0000e+00,  0.0000e+00,  0.0000e+00,  0.0000e+00,  0.0000e+00,
          0.0000e+00,  0.0000e+00,  0.0000e+00,  0.0000e+00,  0.0000e+00,
          0.0000e+00,  0.0000e+00,  0.0000e+00,  0.0000e+00,  0.0000e+00,
          0.0000e+00,  0.0000e+00,  0.0000e+00,  0.0000e+00,  0.0000e+00,
          0.0000e+00,  0.0000e+00,  0.0000e+00,  0.0000e+00,  0.0000e+00,
          0.0000e+00,  0.0000e+00,  0.0000e+00,  0.0000e+00,  0.0000e+00,
          0.0000e+00,  0.0000e+00,  0.0000e+00,  0.0000e+00,  0.0000e+00,
          0.0000e+00,  0.0000e+00,  0.0000e+00,  0.0000e+00,  0.0000e+00,
          0.0000e+00,  0.0000e+00,  0.0000e+00,  0.0000e+00,  0.0000e+00,
          0.0000e+00,  0.0000e+00,  0.0000e+00,  0.0000e+00,  0.0000e+00,
          0.0000e+00,  0.0000e+00,  0.0000e+00,  0.0000e+00,  0.0000e+00,
          0.0000e+00,  0.0000e+00,  0.0000e+00,  0.0000e+00,  0.0000e+00,
          0.0000e+00,  0.0000e+00,  0.0000e+00,  0.0000e+00,  0.0000e+00,
          0.0000e+00,  0.0000e+00,  0.0000e+00,  0.0000e+00,  0.0000e+00,
          0.0000e+00,  0.0000e+00,  0.0000e+00,  0.0000e+00,  0.0000e+00,
          0.0000e+00,  0.0000e+00,  0.0000e+00,  0.0000e+00,  0.0000e+00,
          0.0000e+00,  0.0000e+00,  0.0000e+00,  0.0000e+00,  0.0000e+00,
          0.0000e+00,  0.0000e+00,  0.0000e+00,  0.0000e+00,  0.0000e+00,
          0.0000e+00,  0.0000e+00,  0.0000e+00,  0.0000e+00,  0.0000e+00,
          0.0000e+00,  0.0000e+00,  0.0000e+00,  0.0000e+00,  0.0000e+00],
        [-9.9999e-01,  4.4257e-03, -2.9936e-01, -9.5414e-01,  7.3133e-01,
         -6.8202e-01,  9.7042e-01,  2.4143e-01,  4.3271e-01,  9.0153e-01,
         -3.2435e-01,  9.4594e-01, -8.5119e-01,  5.2485e-01, -9.9844e-01,
         -5.5862e-02, -8.2870e-01, -5.5969e-01, -4.8017e-01, -8.7717e-01,
         -7.9831e-02, -9.9681e-01,  2.8822e-01, -9.5756e-01,  5.8237e-01,
         -8.1293e-01,  7.9125e-01, -6.1149e-01,  9.2091e-01, -3.8977e-01,
          9.8514e-01, -1.7173e-01,  9.9958e-01,  2.8881e-02,  9.7864e-01,
          2.0560e-01,  9.3424e-01,  3.5664e-01,  8.7563e-01,  4.8298e-01,
          8.0960e-01,  5.8699e-01,  7.4092e-01,  6.7160e-01,  6.7281e-01,
          7.3981e-01,  6.0735e-01,  7.9444e-01,  5.4575e-01,  8.3795e-01,
          4.8868e-01,  8.7246e-01,  4.3638e-01,  8.9976e-01,  3.8885e-01,
          9.2130e-01,  3.4593e-01,  9.3826e-01,  3.0735e-01,  9.5160e-01,
          2.7281e-01,  9.6207e-01,  2.4195e-01,  9.7029e-01,  2.1446e-01,
          9.7673e-01,  1.9000e-01,  9.8178e-01,  1.6826e-01,  9.8574e-01,
          1.4897e-01,  9.8884e-01,  1.3186e-01,  9.9127e-01,  1.1670e-01,
          9.9317e-01,  1.0326e-01,  9.9465e-01,  9.1366e-02,  9.9582e-01,
          8.0832e-02,  9.9673e-01,  7.1508e-02,  9.9744e-01,  6.3256e-02,
          9.9800e-01,  5.5954e-02,  9.9843e-01,  4.9494e-02,  9.9877e-01,
          4.3778e-02,  9.9904e-01,  3.8721e-02,  9.9925e-01,  3.4248e-02,
          9.9941e-01,  3.0292e-02,  9.9954e-01,  2.6792e-02,  9.9964e-01,
          2.3697e-02,  9.9972e-01,  2.0959e-02,  9.9978e-01,  1.8537e-02,
          9.9983e-01,  1.6395e-02,  9.9987e-01,  1.4500e-02,  9.9989e-01,
          1.2825e-02,  9.9992e-01,  1.1343e-02,  9.9994e-01,  1.0032e-02,
          9.9995e-01,  8.8727e-03,  9.9996e-01,  7.8473e-03,  9.9997e-01,
          6.9405e-03,  9.9998e-01,  6.1384e-03,  9.9998e-01,  5.4291e-03,
          9.9999e-01,  4.8017e-03,  9.9999e-01,  4.2468e-03,  9.9999e-01,
          3.7560e-03,  9.9999e-01,  3.3219e-03,  9.9999e-01,  2.9380e-03,
          1.0000e+00,  2.5985e-03,  1.0000e+00,  2.2982e-03,  1.0000e+00,
          2.0326e-03,  1.0000e+00,  1.7977e-03,  1.0000e+00,  1.5900e-03,
          1.0000e+00,  1.4062e-03,  1.0000e+00,  1.2437e-03,  1.0000e+00,
          0.0000e+00,  0.0000e+00,  0.0000e+00,  0.0000e+00,  0.0000e+00,
          0.0000e+00,  0.0000e+00,  0.0000e+00,  0.0000e+00,  0.0000e+00,
          0.0000e+00,  0.0000e+00,  0.0000e+00,  0.0000e+00,  0.0000e+00,
          0.0000e+00,  0.0000e+00,  0.0000e+00,  0.0000e+00,  0.0000e+00,
          0.0000e+00,  0.0000e+00,  0.0000e+00,  0.0000e+00,  0.0000e+00,
          0.0000e+00,  0.0000e+00,  0.0000e+00,  0.0000e+00,  0.0000e+00,
          0.0000e+00,  0.0000e+00,  0.0000e+00,  0.0000e+00,  0.0000e+00,
          0.0000e+00,  0.0000e+00,  0.0000e+00,  0.0000e+00,  0.0000e+00,
          0.0000e+00,  0.0000e+00,  0.0000e+00,  0.0000e+00,  0.0000e+00,
          0.0000e+00,  0.0000e+00,  0.0000e+00,  0.0000e+00,  0.0000e+00,
          0.0000e+00,  0.0000e+00,  0.0000e+00,  0.0000e+00,  0.0000e+00,
          0.0000e+00,  0.0000e+00,  0.0000e+00,  0.0000e+00,  0.0000e+00,
          0.0000e+00,  0.0000e+00,  0.0000e+00,  0.0000e+00,  0.0000e+00,
          0.0000e+00,  0.0000e+00,  0.0000e+00,  0.0000e+00,  0.0000e+00,
          0.0000e+00,  0.0000e+00,  0.0000e+00,  0.0000e+00,  0.0000e+00,
          0.0000e+00,  0.0000e+00,  0.0000e+00,  0.0000e+00,  0.0000e+00,
          0.0000e+00,  0.0000e+00,  0.0000e+00,  0.0000e+00,  0.0000e+00,
          0.0000e+00,  0.0000e+00,  0.0000e+00,  0.0000e+00,  0.0000e+00,
          0.0000e+00,  0.0000e+00,  0.0000e+00,  0.0000e+00,  0.0000e+00,
          0.0000e+00,  0.0000e+00,  0.0000e+00,  0.0000e+00,  0.0000e+00,
          0.0000e+00,  0.0000e+00,  0.0000e+00,  0.0000e+00,  0.0000e+00,
          0.0000e+00,  0.0000e+00,  0.0000e+00,  0.0000e+00,  0.0000e+00,
          0.0000e+00,  0.0000e+00,  0.0000e+00,  0.0000e+00,  0.0000e+00,
          0.0000e+00,  0.0000e+00,  0.0000e+00,  0.0000e+00,  0.0000e+00,
          0.0000e+00,  0.0000e+00,  0.0000e+00,  0.0000e+00,  0.0000e+00,
          0.0000e+00,  0.0000e+00,  0.0000e+00,  0.0000e+00,  0.0000e+00,
          0.0000e+00,  0.0000e+00,  0.0000e+00,  0.0000e+00,  0.0000e+00,
          0.0000e+00,  0.0000e+00,  0.0000e+00,  0.0000e+00,  0.0000e+00,
          0.0000e+00,  0.0000e+00,  0.0000e+00,  0.0000e+00,  0.0000e+00,
          0.0000e+00,  0.0000e+00,  0.0000e+00,  0.0000e+00,  0.0000e+00],
        [-5.3657e-01,  8.4385e-01, -9.2780e-01, -3.7309e-01,  3.8033e-02,
         -9.9928e-01,  9.0132e-01, -4.3315e-01,  8.7205e-01,  4.8941e-01,
          2.0929e-01,  9.7785e-01, -5.1381e-01,  8.5790e-01, -9.3325e-01,
          3.5921e-01, -9.7598e-01, -2.1785e-01, -7.3927e-01, -6.7341e-01,
         -3.6421e-01, -9.3132e-01,  3.3346e-02, -9.9944e-01,  3.8255e-01,
         -9.2394e-01,  6.5202e-01, -7.5821e-01,  8.3669e-01, -5.4767e-01,
          9.4569e-01, -3.2506e-01,  9.9381e-01, -1.1106e-01,  9.9655e-01,
          8.3003e-02,  9.6766e-01,  2.5227e-01,  9.1828e-01,  3.9593e-01,
          8.5690e-01,  5.1547e-01,  7.8968e-01,  6.1351e-01,  7.2090e-01,
          6.9304e-01,  6.5339e-01,  7.5702e-01,  5.8896e-01,  8.0816e-01,
          5.2863e-01,  8.4885e-01,  4.7294e-01,  8.8110e-01,  4.2204e-01,
          9.0658e-01,  3.7588e-01,  9.2667e-01,  3.3425e-01,  9.4248e-01,
          2.9688e-01,  9.5491e-01,  2.6345e-01,  9.6467e-01,  2.3361e-01,
          9.7233e-01,  2.0703e-01,  9.7834e-01,  1.8339e-01,  9.8304e-01,
          1.6240e-01,  9.8672e-01,  1.4377e-01,  9.8961e-01,  1.2725e-01,
          9.9187e-01,  1.1261e-01,  9.9364e-01,  9.9646e-02,  9.9502e-01,
          8.8162e-02,  9.9611e-01,  7.7996e-02,  9.9695e-01,  6.8998e-02,
          9.9762e-01,  6.1035e-02,  9.9814e-01,  5.3989e-02,  9.9854e-01,
          4.7755e-02,  9.9886e-01,  4.2239e-02,  9.9911e-01,  3.7361e-02,
          9.9930e-01,  3.3045e-02,  9.9945e-01,  2.9227e-02,  9.9957e-01,
          2.5850e-02,  9.9967e-01,  2.2864e-02,  9.9974e-01,  2.0222e-02,
          9.9980e-01,  1.7885e-02,  9.9984e-01,  1.5818e-02,  9.9987e-01,
          1.3991e-02,  9.9990e-01,  1.2374e-02,  9.9992e-01,  1.0944e-02,
          9.9994e-01,  9.6792e-03,  9.9995e-01,  8.5607e-03,  9.9996e-01,
          7.5714e-03,  9.9997e-01,  6.6965e-03,  9.9998e-01,  5.9226e-03,
          9.9998e-01,  5.2382e-03,  9.9999e-01,  4.6328e-03,  9.9999e-01,
          4.0974e-03,  9.9999e-01,  3.6239e-03,  9.9999e-01,  3.2051e-03,
          9.9999e-01,  2.8347e-03,  1.0000e+00,  2.5072e-03,  1.0000e+00,
          2.2174e-03,  1.0000e+00,  1.9612e-03,  1.0000e+00,  1.7345e-03,
          1.0000e+00,  1.5341e-03,  1.0000e+00,  1.3568e-03,  1.0000e+00,
          0.0000e+00,  0.0000e+00,  0.0000e+00,  0.0000e+00,  0.0000e+00,
          0.0000e+00,  0.0000e+00,  0.0000e+00,  0.0000e+00,  0.0000e+00,
          0.0000e+00,  0.0000e+00,  0.0000e+00,  0.0000e+00,  0.0000e+00,
          0.0000e+00,  0.0000e+00,  0.0000e+00,  0.0000e+00,  0.0000e+00,
          0.0000e+00,  0.0000e+00,  0.0000e+00,  0.0000e+00,  0.0000e+00,
          0.0000e+00,  0.0000e+00,  0.0000e+00,  0.0000e+00,  0.0000e+00,
          0.0000e+00,  0.0000e+00,  0.0000e+00,  0.0000e+00,  0.0000e+00,
          0.0000e+00,  0.0000e+00,  0.0000e+00,  0.0000e+00,  0.0000e+00,
          0.0000e+00,  0.0000e+00,  0.0000e+00,  0.0000e+00,  0.0000e+00,
          0.0000e+00,  0.0000e+00,  0.0000e+00,  0.0000e+00,  0.0000e+00,
          0.0000e+00,  0.0000e+00,  0.0000e+00,  0.0000e+00,  0.0000e+00,
          0.0000e+00,  0.0000e+00,  0.0000e+00,  0.0000e+00,  0.0000e+00,
          0.0000e+00,  0.0000e+00,  0.0000e+00,  0.0000e+00,  0.0000e+00,
          0.0000e+00,  0.0000e+00,  0.0000e+00,  0.0000e+00,  0.0000e+00,
          0.0000e+00,  0.0000e+00,  0.0000e+00,  0.0000e+00,  0.0000e+00,
          0.0000e+00,  0.0000e+00,  0.0000e+00,  0.0000e+00,  0.0000e+00,
          0.0000e+00,  0.0000e+00,  0.0000e+00,  0.0000e+00,  0.0000e+00,
          0.0000e+00,  0.0000e+00,  0.0000e+00,  0.0000e+00,  0.0000e+00,
          0.0000e+00,  0.0000e+00,  0.0000e+00,  0.0000e+00,  0.0000e+00,
          0.0000e+00,  0.0000e+00,  0.0000e+00,  0.0000e+00,  0.0000e+00,
          0.0000e+00,  0.0000e+00,  0.0000e+00,  0.0000e+00,  0.0000e+00,
          0.0000e+00,  0.0000e+00,  0.0000e+00,  0.0000e+00,  0.0000e+00,
          0.0000e+00,  0.0000e+00,  0.0000e+00,  0.0000e+00,  0.0000e+00,
          0.0000e+00,  0.0000e+00,  0.0000e+00,  0.0000e+00,  0.0000e+00,
          0.0000e+00,  0.0000e+00,  0.0000e+00,  0.0000e+00,  0.0000e+00,
          0.0000e+00,  0.0000e+00,  0.0000e+00,  0.0000e+00,  0.0000e+00,
          0.0000e+00,  0.0000e+00,  0.0000e+00,  0.0000e+00,  0.0000e+00,
          0.0000e+00,  0.0000e+00,  0.0000e+00,  0.0000e+00,  0.0000e+00,
          0.0000e+00,  0.0000e+00,  0.0000e+00,  0.0000e+00,  0.0000e+00,
          0.0000e+00,  0.0000e+00,  0.0000e+00,  0.0000e+00,  0.0000e+00],
        [ 4.2017e-01,  9.0745e-01, -8.7657e-01,  4.8127e-01, -6.7737e-01,
         -7.3564e-01,  4.1776e-01, -9.0856e-01,  9.9496e-01, -1.0030e-01,
          6.8311e-01,  7.3031e-01, -6.0956e-02,  9.9814e-01, -7.0332e-01,
          7.1088e-01, -9.8805e-01,  1.5417e-01, -9.1804e-01, -3.9648e-01,
         -6.1757e-01, -7.8652e-01, -2.2376e-01, -9.7464e-01,  1.6274e-01,
         -9.8667e-01,  4.8611e-01, -8.7390e-01,  7.2568e-01, -6.8804e-01,
          8.8254e-01, -4.7024e-01,  9.6855e-01, -2.4882e-01,  9.9916e-01,
         -4.0864e-02,  9.8945e-01,  1.4486e-01,  9.5230e-01,  3.0516e-01,
          8.9791e-01,  4.4017e-01,  8.3391e-01,  5.5190e-01,  7.6574e-01,
          6.4315e-01,  6.9714e-01,  7.1694e-01,  6.3054e-01,  7.7616e-01,
          5.6745e-01,  8.2341e-01,  5.0870e-01,  8.6094e-01,  4.5467e-01,
          8.9066e-01,  4.0544e-01,  9.1412e-01,  3.6088e-01,  9.3261e-01,
          3.2077e-01,  9.4716e-01,  2.8481e-01,  9.5858e-01,  2.5266e-01,
          9.6755e-01,  2.2400e-01,  9.7459e-01,  1.9848e-01,  9.8010e-01,
          1.7580e-01,  9.8443e-01,  1.5566e-01,  9.8781e-01,  1.3779e-01,
          9.9046e-01,  1.2195e-01,  9.9254e-01,  1.0792e-01,  9.9416e-01,
          9.5488e-02,  9.9543e-01,  8.4481e-02,  9.9643e-01,  7.4737e-02,
          9.9720e-01,  6.6114e-02,  9.9781e-01,  5.8483e-02,  9.9829e-01,
          5.1731e-02,  9.9866e-01,  4.5757e-02,  9.9895e-01,  4.0472e-02,
          9.9918e-01,  3.5797e-02,  9.9936e-01,  3.1662e-02,  9.9950e-01,
          2.8004e-02,  9.9961e-01,  2.4768e-02,  9.9969e-01,  2.1907e-02,
          9.9976e-01,  1.9375e-02,  9.9981e-01,  1.7136e-02,  9.9985e-01,
          1.5156e-02,  9.9989e-01,  1.3405e-02,  9.9991e-01,  1.1856e-02,
          9.9993e-01,  1.0486e-02,  9.9995e-01,  9.2741e-03,  9.9996e-01,
          8.2024e-03,  9.9997e-01,  7.2545e-03,  9.9997e-01,  6.4161e-03,
          9.9998e-01,  5.6747e-03,  9.9998e-01,  5.0189e-03,  9.9999e-01,
          4.4389e-03,  9.9999e-01,  3.9259e-03,  9.9999e-01,  3.4722e-03,
          9.9999e-01,  3.0710e-03,  1.0000e+00,  2.7161e-03,  1.0000e+00,
          2.4022e-03,  1.0000e+00,  2.1246e-03,  1.0000e+00,  1.8791e-03,
          1.0000e+00,  1.6619e-03,  1.0000e+00,  1.4699e-03,  1.0000e+00,
          0.0000e+00,  0.0000e+00,  0.0000e+00,  0.0000e+00,  0.0000e+00,
          0.0000e+00,  0.0000e+00,  0.0000e+00,  0.0000e+00,  0.0000e+00,
          0.0000e+00,  0.0000e+00,  0.0000e+00,  0.0000e+00,  0.0000e+00,
          0.0000e+00,  0.0000e+00,  0.0000e+00,  0.0000e+00,  0.0000e+00,
          0.0000e+00,  0.0000e+00,  0.0000e+00,  0.0000e+00,  0.0000e+00,
          0.0000e+00,  0.0000e+00,  0.0000e+00,  0.0000e+00,  0.0000e+00,
          0.0000e+00,  0.0000e+00,  0.0000e+00,  0.0000e+00,  0.0000e+00,
          0.0000e+00,  0.0000e+00,  0.0000e+00,  0.0000e+00,  0.0000e+00,
          0.0000e+00,  0.0000e+00,  0.0000e+00,  0.0000e+00,  0.0000e+00,
          0.0000e+00,  0.0000e+00,  0.0000e+00,  0.0000e+00,  0.0000e+00,
          0.0000e+00,  0.0000e+00,  0.0000e+00,  0.0000e+00,  0.0000e+00,
          0.0000e+00,  0.0000e+00,  0.0000e+00,  0.0000e+00,  0.0000e+00,
          0.0000e+00,  0.0000e+00,  0.0000e+00,  0.0000e+00,  0.0000e+00,
          0.0000e+00,  0.0000e+00,  0.0000e+00,  0.0000e+00,  0.0000e+00,
          0.0000e+00,  0.0000e+00,  0.0000e+00,  0.0000e+00,  0.0000e+00,
          0.0000e+00,  0.0000e+00,  0.0000e+00,  0.0000e+00,  0.0000e+00,
          0.0000e+00,  0.0000e+00,  0.0000e+00,  0.0000e+00,  0.0000e+00,
          0.0000e+00,  0.0000e+00,  0.0000e+00,  0.0000e+00,  0.0000e+00,
          0.0000e+00,  0.0000e+00,  0.0000e+00,  0.0000e+00,  0.0000e+00,
          0.0000e+00,  0.0000e+00,  0.0000e+00,  0.0000e+00,  0.0000e+00,
          0.0000e+00,  0.0000e+00,  0.0000e+00,  0.0000e+00,  0.0000e+00,
          0.0000e+00,  0.0000e+00,  0.0000e+00,  0.0000e+00,  0.0000e+00,
          0.0000e+00,  0.0000e+00,  0.0000e+00,  0.0000e+00,  0.0000e+00,
          0.0000e+00,  0.0000e+00,  0.0000e+00,  0.0000e+00,  0.0000e+00,
          0.0000e+00,  0.0000e+00,  0.0000e+00,  0.0000e+00,  0.0000e+00,
          0.0000e+00,  0.0000e+00,  0.0000e+00,  0.0000e+00,  0.0000e+00,
          0.0000e+00,  0.0000e+00,  0.0000e+00,  0.0000e+00,  0.0000e+00,
          0.0000e+00,  0.0000e+00,  0.0000e+00,  0.0000e+00,  0.0000e+00,
          0.0000e+00,  0.0000e+00,  0.0000e+00,  0.0000e+00,  0.0000e+00,
          0.0000e+00,  0.0000e+00,  0.0000e+00,  0.0000e+00,  0.0000e+00],
        [ 9.9061e-01,  1.3674e-01, -1.8322e-01,  9.8307e-01, -9.9902e-01,
         -4.4368e-02, -2.5791e-01, -9.6617e-01,  7.5683e-01, -6.5361e-01,
          9.6171e-01,  2.7406e-01,  4.0560e-01,  9.1405e-01, -3.4922e-01,
          9.3704e-01, -8.6322e-01,  5.0483e-01, -9.9707e-01, -7.6479e-02,
         -8.1834e-01, -5.7474e-01, -4.6593e-01, -8.8482e-01, -6.5575e-02,
         -9.9785e-01,  3.0031e-01, -9.5384e-01,  5.9142e-01, -8.0636e-01,
          7.9726e-01, -6.0364e-01,  9.2429e-01, -3.8170e-01,  9.8644e-01,
         -1.6410e-01,  9.9936e-01,  3.5719e-02,  9.7737e-01,  2.1152e-01,
          9.3232e-01,  3.6164e-01,  8.7334e-01,  4.8712e-01,  8.0713e-01,
          5.9037e-01,  7.3843e-01,  6.7433e-01,  6.7039e-01,  7.4201e-01,
          6.0505e-01,  7.9619e-01,  5.4361e-01,  8.3934e-01,  4.8670e-01,
          8.7357e-01,  4.3458e-01,  9.0064e-01,  3.8722e-01,  9.2199e-01,
          3.4446e-01,  9.3880e-01,  3.0603e-01,  9.5202e-01,  2.7163e-01,
          9.6240e-01,  2.4090e-01,  9.7055e-01,  2.1352e-01,  9.7694e-01,
          1.8916e-01,  9.8195e-01,  1.6752e-01,  9.8587e-01,  1.4832e-01,
          9.8894e-01,  1.3128e-01,  9.9135e-01,  1.1618e-01,  9.9323e-01,
          1.0281e-01,  9.9470e-01,  9.0962e-02,  9.9585e-01,  8.0474e-02,
          9.9676e-01,  7.1191e-02,  9.9746e-01,  6.2976e-02,  9.9802e-01,
          5.5706e-02,  9.9845e-01,  4.9274e-02,  9.9879e-01,  4.3584e-02,
          9.9905e-01,  3.8550e-02,  9.9926e-01,  3.4097e-02,  9.9942e-01,
          3.0158e-02,  9.9955e-01,  2.6673e-02,  9.9964e-01,  2.3591e-02,
          9.9972e-01,  2.0866e-02,  9.9978e-01,  1.8455e-02,  9.9983e-01,
          1.6322e-02,  9.9987e-01,  1.4436e-02,  9.9990e-01,  1.2768e-02,
          9.9992e-01,  1.1292e-02,  9.9994e-01,  9.9874e-03,  9.9995e-01,
          8.8333e-03,  9.9996e-01,  7.8125e-03,  9.9997e-01,  6.9097e-03,
          9.9998e-01,  6.1112e-03,  9.9998e-01,  5.4050e-03,  9.9999e-01,
          4.7804e-03,  9.9999e-01,  4.2279e-03,  9.9999e-01,  3.7393e-03,
          9.9999e-01,  3.3072e-03,  9.9999e-01,  2.9250e-03,  1.0000e+00,
          2.5870e-03,  1.0000e+00,  2.2880e-03,  1.0000e+00,  2.0236e-03,
          1.0000e+00,  1.7898e-03,  1.0000e+00,  1.5829e-03,  1.0000e+00,
          0.0000e+00,  0.0000e+00,  0.0000e+00,  0.0000e+00,  0.0000e+00,
          0.0000e+00,  0.0000e+00,  0.0000e+00,  0.0000e+00,  0.0000e+00,
          0.0000e+00,  0.0000e+00,  0.0000e+00,  0.0000e+00,  0.0000e+00,
          0.0000e+00,  0.0000e+00,  0.0000e+00,  0.0000e+00,  0.0000e+00,
          0.0000e+00,  0.0000e+00,  0.0000e+00,  0.0000e+00,  0.0000e+00,
          0.0000e+00,  0.0000e+00,  0.0000e+00,  0.0000e+00,  0.0000e+00,
          0.0000e+00,  0.0000e+00,  0.0000e+00,  0.0000e+00,  0.0000e+00,
          0.0000e+00,  0.0000e+00,  0.0000e+00,  0.0000e+00,  0.0000e+00,
          0.0000e+00,  0.0000e+00,  0.0000e+00,  0.0000e+00,  0.0000e+00,
          0.0000e+00,  0.0000e+00,  0.0000e+00,  0.0000e+00,  0.0000e+00,
          0.0000e+00,  0.0000e+00,  0.0000e+00,  0.0000e+00,  0.0000e+00,
          0.0000e+00,  0.0000e+00,  0.0000e+00,  0.0000e+00,  0.0000e+00,
          0.0000e+00,  0.0000e+00,  0.0000e+00,  0.0000e+00,  0.0000e+00,
          0.0000e+00,  0.0000e+00,  0.0000e+00,  0.0000e+00,  0.0000e+00,
          0.0000e+00,  0.0000e+00,  0.0000e+00,  0.0000e+00,  0.0000e+00,
          0.0000e+00,  0.0000e+00,  0.0000e+00,  0.0000e+00,  0.0000e+00,
          0.0000e+00,  0.0000e+00,  0.0000e+00,  0.0000e+00,  0.0000e+00,
          0.0000e+00,  0.0000e+00,  0.0000e+00,  0.0000e+00,  0.0000e+00,
          0.0000e+00,  0.0000e+00,  0.0000e+00,  0.0000e+00,  0.0000e+00,
          0.0000e+00,  0.0000e+00,  0.0000e+00,  0.0000e+00,  0.0000e+00,
          0.0000e+00,  0.0000e+00,  0.0000e+00,  0.0000e+00,  0.0000e+00,
          0.0000e+00,  0.0000e+00,  0.0000e+00,  0.0000e+00,  0.0000e+00,
          0.0000e+00,  0.0000e+00,  0.0000e+00,  0.0000e+00,  0.0000e+00,
          0.0000e+00,  0.0000e+00,  0.0000e+00,  0.0000e+00,  0.0000e+00,
          0.0000e+00,  0.0000e+00,  0.0000e+00,  0.0000e+00,  0.0000e+00,
          0.0000e+00,  0.0000e+00,  0.0000e+00,  0.0000e+00,  0.0000e+00,
          0.0000e+00,  0.0000e+00,  0.0000e+00,  0.0000e+00,  0.0000e+00,
          0.0000e+00,  0.0000e+00,  0.0000e+00,  0.0000e+00,  0.0000e+00,
          0.0000e+00,  0.0000e+00,  0.0000e+00,  0.0000e+00,  0.0000e+00,
          0.0000e+00,  0.0000e+00,  0.0000e+00,  0.0000e+00,  0.0000e+00],
        [ 6.5029e-01, -7.5969e-01,  6.4435e-01,  7.6473e-01, -7.3992e-01,
          6.7270e-01, -8.1498e-01, -5.7950e-01,  2.4408e-01, -9.6976e-01,
          9.6547e-01, -2.6052e-01,  7.8100e-01,  6.2453e-01,  6.6535e-02,
          9.9778e-01, -6.1880e-01,  7.8555e-01, -9.6777e-01,  2.5184e-01,
         -9.4942e-01, -3.1402e-01, -6.7702e-01, -7.3596e-01, -2.9046e-01,
         -9.5689e-01,  1.0222e-01, -9.9476e-01,  4.3822e-01, -8.9887e-01,
          6.9200e-01, -7.2190e-01,  8.6189e-01, -5.0709e-01,  9.5858e-01,
         -2.8483e-01,  9.9727e-01, -7.3854e-02,  9.9326e-01,  1.1589e-01,
          9.5987e-01,  2.8044e-01,  9.0774e-01,  4.1953e-01,  8.4490e-01,
          5.3493e-01,  7.7712e-01,  6.2936e-01,  7.0839e-01,  7.0582e-01,
          6.4134e-01,  7.6726e-01,  5.7759e-01,  8.1632e-01,  5.1809e-01,
          8.5533e-01,  4.6327e-01,  8.8622e-01,  4.1324e-01,  9.1062e-01,
          3.6793e-01,  9.2985e-01,  3.2711e-01,  9.4499e-01,  2.9048e-01,
          9.5688e-01,  2.5773e-01,  9.6622e-01,  2.2851e-01,  9.7354e-01,
          2.0249e-01,  9.7928e-01,  1.7936e-01,  9.8378e-01,  1.5882e-01,
          9.8731e-01,  1.4060e-01,  9.9007e-01,  1.2444e-01,  9.9223e-01,
          1.1012e-01,  9.9392e-01,  9.7439e-02,  9.9524e-01,  8.6209e-02,
          9.9628e-01,  7.6267e-02,  9.9709e-01,  6.7467e-02,  9.9772e-01,
          5.9681e-02,  9.9822e-01,  5.2791e-02,  9.9861e-01,  4.6695e-02,
          9.9891e-01,  4.1302e-02,  9.9915e-01,  3.6531e-02,  9.9933e-01,
          3.2311e-02,  9.9948e-01,  2.8578e-02,  9.9959e-01,  2.5276e-02,
          9.9968e-01,  2.2356e-02,  9.9975e-01,  1.9773e-02,  9.9980e-01,
          1.7488e-02,  9.9985e-01,  1.5467e-02,  9.9988e-01,  1.3680e-02,
          9.9991e-01,  1.2099e-02,  9.9993e-01,  1.0701e-02,  9.9994e-01,
          9.4642e-03,  9.9996e-01,  8.3705e-03,  9.9996e-01,  7.4032e-03,
          9.9997e-01,  6.5477e-03,  9.9998e-01,  5.7910e-03,  9.9998e-01,
          5.1218e-03,  9.9999e-01,  4.5299e-03,  9.9999e-01,  4.0064e-03,
          9.9999e-01,  3.5434e-03,  9.9999e-01,  3.1339e-03,  1.0000e+00,
          2.7718e-03,  1.0000e+00,  2.4515e-03,  1.0000e+00,  2.1682e-03,
          1.0000e+00,  1.9176e-03,  1.0000e+00,  1.6960e-03,  1.0000e+00,
          0.0000e+00,  0.0000e+00,  0.0000e+00,  0.0000e+00,  0.0000e+00,
          0.0000e+00,  0.0000e+00,  0.0000e+00,  0.0000e+00,  0.0000e+00,
          0.0000e+00,  0.0000e+00,  0.0000e+00,  0.0000e+00,  0.0000e+00,
          0.0000e+00,  0.0000e+00,  0.0000e+00,  0.0000e+00,  0.0000e+00,
          0.0000e+00,  0.0000e+00,  0.0000e+00,  0.0000e+00,  0.0000e+00,
          0.0000e+00,  0.0000e+00,  0.0000e+00,  0.0000e+00,  0.0000e+00,
          0.0000e+00,  0.0000e+00,  0.0000e+00,  0.0000e+00,  0.0000e+00,
          0.0000e+00,  0.0000e+00,  0.0000e+00,  0.0000e+00,  0.0000e+00,
          0.0000e+00,  0.0000e+00,  0.0000e+00,  0.0000e+00,  0.0000e+00,
          0.0000e+00,  0.0000e+00,  0.0000e+00,  0.0000e+00,  0.0000e+00,
          0.0000e+00,  0.0000e+00,  0.0000e+00,  0.0000e+00,  0.0000e+00,
          0.0000e+00,  0.0000e+00,  0.0000e+00,  0.0000e+00,  0.0000e+00,
          0.0000e+00,  0.0000e+00,  0.0000e+00,  0.0000e+00,  0.0000e+00,
          0.0000e+00,  0.0000e+00,  0.0000e+00,  0.0000e+00,  0.0000e+00,
          0.0000e+00,  0.0000e+00,  0.0000e+00,  0.0000e+00,  0.0000e+00,
          0.0000e+00,  0.0000e+00,  0.0000e+00,  0.0000e+00,  0.0000e+00,
          0.0000e+00,  0.0000e+00,  0.0000e+00,  0.0000e+00,  0.0000e+00,
          0.0000e+00,  0.0000e+00,  0.0000e+00,  0.0000e+00,  0.0000e+00,
          0.0000e+00,  0.0000e+00,  0.0000e+00,  0.0000e+00,  0.0000e+00,
          0.0000e+00,  0.0000e+00,  0.0000e+00,  0.0000e+00,  0.0000e+00,
          0.0000e+00,  0.0000e+00,  0.0000e+00,  0.0000e+00,  0.0000e+00,
          0.0000e+00,  0.0000e+00,  0.0000e+00,  0.0000e+00,  0.0000e+00,
          0.0000e+00,  0.0000e+00,  0.0000e+00,  0.0000e+00,  0.0000e+00,
          0.0000e+00,  0.0000e+00,  0.0000e+00,  0.0000e+00,  0.0000e+00,
          0.0000e+00,  0.0000e+00,  0.0000e+00,  0.0000e+00,  0.0000e+00,
          0.0000e+00,  0.0000e+00,  0.0000e+00,  0.0000e+00,  0.0000e+00,
          0.0000e+00,  0.0000e+00,  0.0000e+00,  0.0000e+00,  0.0000e+00,
          0.0000e+00,  0.0000e+00,  0.0000e+00,  0.0000e+00,  0.0000e+00,
          0.0000e+00,  0.0000e+00,  0.0000e+00,  0.0000e+00,  0.0000e+00,
          0.0000e+00,  0.0000e+00,  0.0000e+00,  0.0000e+00,  0.0000e+00],
        [-2.8790e-01, -9.5766e-01,  9.9990e-01, -1.3817e-02, -5.0701e-02,
          9.9871e-01, -9.9728e-01,  7.3654e-02, -3.5724e-01, -9.3401e-01,
          6.9331e-01, -7.2064e-01,  9.8087e-01,  1.9465e-01,  4.7054e-01,
          8.8238e-01, -2.8865e-01,  9.5743e-01, -8.3332e-01,  5.5279e-01,
         -9.9965e-01, -2.6555e-02, -8.4294e-01, -5.3800e-01, -5.0017e-01,
         -8.6593e-01, -1.0004e-01, -9.9498e-01,  2.7099e-01, -9.6258e-01,
          5.6939e-01, -8.2207e-01,  7.8259e-01, -6.2254e-01,  9.1600e-01,
         -4.0118e-01,  9.8320e-01, -1.8254e-01,  9.9982e-01,  1.9170e-02,
          9.8037e-01,  1.9718e-01,  9.3692e-01,  3.4953e-01,  8.7886e-01,
          4.7708e-01,  8.1307e-01,  5.8216e-01,  7.4444e-01,  6.6769e-01,
          6.7625e-01,  7.3668e-01,  6.1061e-01,  7.9193e-01,  5.4880e-01,
          8.3596e-01,  4.9148e-01,  8.7089e-01,  4.3894e-01,  8.9852e-01,
          3.9117e-01,  9.2032e-01,  3.4802e-01,  9.3749e-01,  3.0923e-01,
          9.5099e-01,  2.7448e-01,  9.6159e-01,  2.4344e-01,  9.6991e-01,
          2.1579e-01,  9.7644e-01,  1.9118e-01,  9.8156e-01,  1.6931e-01,
          9.8556e-01,  1.4990e-01,  9.8870e-01,  1.3269e-01,  9.9116e-01,
          1.1743e-01,  9.9308e-01,  1.0391e-01,  9.9459e-01,  9.1940e-02,
          9.9576e-01,  8.1340e-02,  9.9669e-01,  7.1958e-02,  9.9741e-01,
          6.3654e-02,  9.9797e-01,  5.6306e-02,  9.9841e-01,  4.9805e-02,
          9.9876e-01,  4.4053e-02,  9.9903e-01,  3.8965e-02,  9.9924e-01,
          3.4464e-02,  9.9941e-01,  3.0483e-02,  9.9954e-01,  2.6961e-02,
          9.9964e-01,  2.3846e-02,  9.9972e-01,  2.1091e-02,  9.9978e-01,
          1.8654e-02,  9.9983e-01,  1.6498e-02,  9.9986e-01,  1.4592e-02,
          9.9989e-01,  1.2905e-02,  9.9992e-01,  1.1414e-02,  9.9993e-01,
          1.0095e-02,  9.9995e-01,  8.9285e-03,  9.9996e-01,  7.8968e-03,
          9.9997e-01,  6.9842e-03,  9.9998e-01,  6.1771e-03,  9.9998e-01,
          5.4633e-03,  9.9999e-01,  4.8319e-03,  9.9999e-01,  4.2735e-03,
          9.9999e-01,  3.7797e-03,  9.9999e-01,  3.3429e-03,  9.9999e-01,
          2.9566e-03,  1.0000e+00,  2.6149e-03,  1.0000e+00,  2.3127e-03,
          1.0000e+00,  2.0454e-03,  1.0000e+00,  1.8091e-03,  1.0000e+00,
          0.0000e+00,  0.0000e+00,  0.0000e+00,  0.0000e+00,  0.0000e+00,
          0.0000e+00,  0.0000e+00,  0.0000e+00,  0.0000e+00,  0.0000e+00,
          0.0000e+00,  0.0000e+00,  0.0000e+00,  0.0000e+00,  0.0000e+00,
          0.0000e+00,  0.0000e+00,  0.0000e+00,  0.0000e+00,  0.0000e+00,
          0.0000e+00,  0.0000e+00,  0.0000e+00,  0.0000e+00,  0.0000e+00,
          0.0000e+00,  0.0000e+00,  0.0000e+00,  0.0000e+00,  0.0000e+00,
          0.0000e+00,  0.0000e+00,  0.0000e+00,  0.0000e+00,  0.0000e+00,
          0.0000e+00,  0.0000e+00,  0.0000e+00,  0.0000e+00,  0.0000e+00,
          0.0000e+00,  0.0000e+00,  0.0000e+00,  0.0000e+00,  0.0000e+00,
          0.0000e+00,  0.0000e+00,  0.0000e+00,  0.0000e+00,  0.0000e+00,
          0.0000e+00,  0.0000e+00,  0.0000e+00,  0.0000e+00,  0.0000e+00,
          0.0000e+00,  0.0000e+00,  0.0000e+00,  0.0000e+00,  0.0000e+00,
          0.0000e+00,  0.0000e+00,  0.0000e+00,  0.0000e+00,  0.0000e+00,
          0.0000e+00,  0.0000e+00,  0.0000e+00,  0.0000e+00,  0.0000e+00,
          0.0000e+00,  0.0000e+00,  0.0000e+00,  0.0000e+00,  0.0000e+00,
          0.0000e+00,  0.0000e+00,  0.0000e+00,  0.0000e+00,  0.0000e+00,
          0.0000e+00,  0.0000e+00,  0.0000e+00,  0.0000e+00,  0.0000e+00,
          0.0000e+00,  0.0000e+00,  0.0000e+00,  0.0000e+00,  0.0000e+00,
          0.0000e+00,  0.0000e+00,  0.0000e+00,  0.0000e+00,  0.0000e+00,
          0.0000e+00,  0.0000e+00,  0.0000e+00,  0.0000e+00,  0.0000e+00,
          0.0000e+00,  0.0000e+00,  0.0000e+00,  0.0000e+00,  0.0000e+00,
          0.0000e+00,  0.0000e+00,  0.0000e+00,  0.0000e+00,  0.0000e+00,
          0.0000e+00,  0.0000e+00,  0.0000e+00,  0.0000e+00,  0.0000e+00,
          0.0000e+00,  0.0000e+00,  0.0000e+00,  0.0000e+00,  0.0000e+00,
          0.0000e+00,  0.0000e+00,  0.0000e+00,  0.0000e+00,  0.0000e+00,
          0.0000e+00,  0.0000e+00,  0.0000e+00,  0.0000e+00,  0.0000e+00,
          0.0000e+00,  0.0000e+00,  0.0000e+00,  0.0000e+00,  0.0000e+00,
          0.0000e+00,  0.0000e+00,  0.0000e+00,  0.0000e+00,  0.0000e+00,
          0.0000e+00,  0.0000e+00,  0.0000e+00,  0.0000e+00,  0.0000e+00,
          0.0000e+00,  0.0000e+00,  0.0000e+00,  0.0000e+00,  0.0000e+00],
        [-9.6140e-01, -2.7516e-01,  6.2298e-01, -7.8224e-01,  6.6799e-01,
          7.4417e-01, -7.2100e-01,  6.9294e-01, -8.2893e-01, -5.5935e-01,
          2.2301e-01, -9.7482e-01,  9.6030e-01, -2.7898e-01,  7.9148e-01,
          6.1120e-01,  8.1487e-02,  9.9667e-01, -6.0833e-01,  7.9368e-01,
         -9.6475e-01,  2.6317e-01, -9.5262e-01, -3.0415e-01, -6.8374e-01,
         -7.2972e-01, -2.9822e-01, -9.5450e-01,  9.5082e-02, -9.9547e-01,
          4.3251e-01, -9.0163e-01,  6.8793e-01, -7.2577e-01,  8.5936e-01,
         -5.1137e-01,  9.5732e-01, -2.8903e-01,  9.9697e-01, -7.7726e-02,
          9.9365e-01,  1.1247e-01,  9.6072e-01,  2.7752e-01,  9.0886e-01,
          4.1709e-01,  8.4616e-01,  5.3292e-01,  7.7844e-01,  6.2772e-01,
          7.0970e-01,  7.0451e-01,  6.4260e-01,  7.6620e-01,  5.7878e-01,
          8.1548e-01,  5.1919e-01,  8.5466e-01,  4.6428e-01,  8.8569e-01,
          4.1416e-01,  9.1020e-01,  3.6876e-01,  9.2953e-01,  3.2785e-01,
          9.4473e-01,  2.9115e-01,  9.5668e-01,  2.5832e-01,  9.6606e-01,
          2.2904e-01,  9.7342e-01,  2.0296e-01,  9.7919e-01,  1.7978e-01,
          9.8371e-01,  1.5920e-01,  9.8725e-01,  1.4093e-01,  9.9002e-01,
          1.2473e-01,  9.9219e-01,  1.1038e-01,  9.9389e-01,  9.7669e-02,
          9.9522e-01,  8.6412e-02,  9.9626e-01,  7.6447e-02,  9.9707e-01,
          6.7627e-02,  9.9771e-01,  5.9821e-02,  9.9821e-01,  5.2915e-02,
          9.9860e-01,  4.6805e-02,  9.9890e-01,  4.1399e-02,  9.9914e-01,
          3.6617e-02,  9.9933e-01,  3.2387e-02,  9.9948e-01,  2.8645e-02,
          9.9959e-01,  2.5336e-02,  9.9968e-01,  2.2408e-02,  9.9975e-01,
          1.9819e-02,  9.9980e-01,  1.7529e-02,  9.9985e-01,  1.5504e-02,
          9.9988e-01,  1.3712e-02,  9.9991e-01,  1.2128e-02,  9.9993e-01,
          1.0726e-02,  9.9994e-01,  9.4866e-03,  9.9995e-01,  8.3903e-03,
          9.9996e-01,  7.4207e-03,  9.9997e-01,  6.5632e-03,  9.9998e-01,
          5.8047e-03,  9.9998e-01,  5.1339e-03,  9.9999e-01,  4.5406e-03,
          9.9999e-01,  4.0159e-03,  9.9999e-01,  3.5518e-03,  9.9999e-01,
          3.1413e-03,  1.0000e+00,  2.7783e-03,  1.0000e+00,  2.4572e-03,
          1.0000e+00,  2.1733e-03,  1.0000e+00,  1.9221e-03,  1.0000e+00,
          0.0000e+00,  0.0000e+00,  0.0000e+00,  0.0000e+00,  0.0000e+00,
          0.0000e+00,  0.0000e+00,  0.0000e+00,  0.0000e+00,  0.0000e+00,
          0.0000e+00,  0.0000e+00,  0.0000e+00,  0.0000e+00,  0.0000e+00,
          0.0000e+00,  0.0000e+00,  0.0000e+00,  0.0000e+00,  0.0000e+00,
          0.0000e+00,  0.0000e+00,  0.0000e+00,  0.0000e+00,  0.0000e+00,
          0.0000e+00,  0.0000e+00,  0.0000e+00,  0.0000e+00,  0.0000e+00,
          0.0000e+00,  0.0000e+00,  0.0000e+00,  0.0000e+00,  0.0000e+00,
          0.0000e+00,  0.0000e+00,  0.0000e+00,  0.0000e+00,  0.0000e+00,
          0.0000e+00,  0.0000e+00,  0.0000e+00,  0.0000e+00,  0.0000e+00,
          0.0000e+00,  0.0000e+00,  0.0000e+00,  0.0000e+00,  0.0000e+00,
          0.0000e+00,  0.0000e+00,  0.0000e+00,  0.0000e+00,  0.0000e+00,
          0.0000e+00,  0.0000e+00,  0.0000e+00,  0.0000e+00,  0.0000e+00,
          0.0000e+00,  0.0000e+00,  0.0000e+00,  0.0000e+00,  0.0000e+00,
          0.0000e+00,  0.0000e+00,  0.0000e+00,  0.0000e+00,  0.0000e+00,
          0.0000e+00,  0.0000e+00,  0.0000e+00,  0.0000e+00,  0.0000e+00,
          0.0000e+00,  0.0000e+00,  0.0000e+00,  0.0000e+00,  0.0000e+00,
          0.0000e+00,  0.0000e+00,  0.0000e+00,  0.0000e+00,  0.0000e+00,
          0.0000e+00,  0.0000e+00,  0.0000e+00,  0.0000e+00,  0.0000e+00,
          0.0000e+00,  0.0000e+00,  0.0000e+00,  0.0000e+00,  0.0000e+00,
          0.0000e+00,  0.0000e+00,  0.0000e+00,  0.0000e+00,  0.0000e+00,
          0.0000e+00,  0.0000e+00,  0.0000e+00,  0.0000e+00,  0.0000e+00,
          0.0000e+00,  0.0000e+00,  0.0000e+00,  0.0000e+00,  0.0000e+00,
          0.0000e+00,  0.0000e+00,  0.0000e+00,  0.0000e+00,  0.0000e+00,
          0.0000e+00,  0.0000e+00,  0.0000e+00,  0.0000e+00,  0.0000e+00,
          0.0000e+00,  0.0000e+00,  0.0000e+00,  0.0000e+00,  0.0000e+00,
          0.0000e+00,  0.0000e+00,  0.0000e+00,  0.0000e+00,  0.0000e+00,
          0.0000e+00,  0.0000e+00,  0.0000e+00,  0.0000e+00,  0.0000e+00,
          0.0000e+00,  0.0000e+00,  0.0000e+00,  0.0000e+00,  0.0000e+00,
          0.0000e+00,  0.0000e+00,  0.0000e+00,  0.0000e+00,  0.0000e+00,
          0.0000e+00,  0.0000e+00,  0.0000e+00,  0.0000e+00,  0.0000e+00],
        [-7.5099e-01,  6.6032e-01, -2.1031e-01, -9.7763e-01,  9.9837e-01,
          5.7033e-02, -1.1317e-01,  9.9358e-01, -9.9983e-01,  1.8275e-02,
         -3.1103e-01, -9.5040e-01,  7.2390e-01, -6.8991e-01,  9.7269e-01,
          2.3212e-01,  4.4034e-01,  8.9783e-01, -3.1725e-01,  9.4834e-01,
         -8.4770e-01,  5.3048e-01, -9.9875e-01, -5.0007e-02, -8.3159e-01,
         -5.5539e-01, -4.8419e-01, -8.7496e-01, -8.3874e-02, -9.9648e-01,
          2.8479e-01, -9.5859e-01,  5.7979e-01, -8.1477e-01,  7.8953e-01,
         -6.1371e-01,  9.1994e-01, -3.9206e-01,  9.8476e-01, -1.7389e-01,
          9.9964e-01,  2.6940e-02,  9.7899e-01,  2.0392e-01,  9.3478e-01,
          3.5522e-01,  8.7628e-01,  4.8180e-01,  8.1029e-01,  5.8602e-01,
          7.4162e-01,  6.7082e-01,  6.7350e-01,  7.3919e-01,  6.0800e-01,
          7.9394e-01,  5.4636e-01,  8.3755e-01,  4.8924e-01,  8.7215e-01,
          4.3689e-01,  8.9951e-01,  3.8932e-01,  9.2110e-01,  3.4635e-01,
          9.3811e-01,  3.0773e-01,  9.5147e-01,  2.7314e-01,  9.6197e-01,
          2.4225e-01,  9.7021e-01,  2.1472e-01,  9.7668e-01,  1.9023e-01,
          9.8174e-01,  1.6847e-01,  9.8571e-01,  1.4916e-01,  9.8881e-01,
          1.3203e-01,  9.9125e-01,  1.1685e-01,  9.9315e-01,  1.0339e-01,
          9.9464e-01,  9.1481e-02,  9.9581e-01,  8.0934e-02,  9.9672e-01,
          7.1598e-02,  9.9743e-01,  6.3336e-02,  9.9799e-01,  5.6025e-02,
          9.9843e-01,  4.9556e-02,  9.9877e-01,  4.3833e-02,  9.9904e-01,
          3.8770e-02,  9.9925e-01,  3.4292e-02,  9.9941e-01,  3.0330e-02,
          9.9954e-01,  2.6826e-02,  9.9964e-01,  2.3726e-02,  9.9972e-01,
          2.0985e-02,  9.9978e-01,  1.8560e-02,  9.9983e-01,  1.6415e-02,
          9.9987e-01,  1.4519e-02,  9.9989e-01,  1.2841e-02,  9.9992e-01,
          1.1357e-02,  9.9994e-01,  1.0045e-02,  9.9995e-01,  8.8838e-03,
          9.9996e-01,  7.8572e-03,  9.9997e-01,  6.9492e-03,  9.9998e-01,
          6.1461e-03,  9.9998e-01,  5.4359e-03,  9.9999e-01,  4.8077e-03,
          9.9999e-01,  4.2521e-03,  9.9999e-01,  3.7607e-03,  9.9999e-01,
          3.3261e-03,  9.9999e-01,  2.9417e-03,  1.0000e+00,  2.6018e-03,
          1.0000e+00,  2.3011e-03,  1.0000e+00,  2.0352e-03,  1.0000e+00,
          0.0000e+00,  0.0000e+00,  0.0000e+00,  0.0000e+00,  0.0000e+00,
          0.0000e+00,  0.0000e+00,  0.0000e+00,  0.0000e+00,  0.0000e+00,
          0.0000e+00,  0.0000e+00,  0.0000e+00,  0.0000e+00,  0.0000e+00,
          0.0000e+00,  0.0000e+00,  0.0000e+00,  0.0000e+00,  0.0000e+00,
          0.0000e+00,  0.0000e+00,  0.0000e+00,  0.0000e+00,  0.0000e+00,
          0.0000e+00,  0.0000e+00,  0.0000e+00,  0.0000e+00,  0.0000e+00,
          0.0000e+00,  0.0000e+00,  0.0000e+00,  0.0000e+00,  0.0000e+00,
          0.0000e+00,  0.0000e+00,  0.0000e+00,  0.0000e+00,  0.0000e+00,
          0.0000e+00,  0.0000e+00,  0.0000e+00,  0.0000e+00,  0.0000e+00,
          0.0000e+00,  0.0000e+00,  0.0000e+00,  0.0000e+00,  0.0000e+00,
          0.0000e+00,  0.0000e+00,  0.0000e+00,  0.0000e+00,  0.0000e+00,
          0.0000e+00,  0.0000e+00,  0.0000e+00,  0.0000e+00,  0.0000e+00,
          0.0000e+00,  0.0000e+00,  0.0000e+00,  0.0000e+00,  0.0000e+00,
          0.0000e+00,  0.0000e+00,  0.0000e+00,  0.0000e+00,  0.0000e+00,
          0.0000e+00,  0.0000e+00,  0.0000e+00,  0.0000e+00,  0.0000e+00,
          0.0000e+00,  0.0000e+00,  0.0000e+00,  0.0000e+00,  0.0000e+00,
          0.0000e+00,  0.0000e+00,  0.0000e+00,  0.0000e+00,  0.0000e+00,
          0.0000e+00,  0.0000e+00,  0.0000e+00,  0.0000e+00,  0.0000e+00,
          0.0000e+00,  0.0000e+00,  0.0000e+00,  0.0000e+00,  0.0000e+00,
          0.0000e+00,  0.0000e+00,  0.0000e+00,  0.0000e+00,  0.0000e+00,
          0.0000e+00,  0.0000e+00,  0.0000e+00,  0.0000e+00,  0.0000e+00,
          0.0000e+00,  0.0000e+00,  0.0000e+00,  0.0000e+00,  0.0000e+00,
          0.0000e+00,  0.0000e+00,  0.0000e+00,  0.0000e+00,  0.0000e+00,
          0.0000e+00,  0.0000e+00,  0.0000e+00,  0.0000e+00,  0.0000e+00,
          0.0000e+00,  0.0000e+00,  0.0000e+00,  0.0000e+00,  0.0000e+00,
          0.0000e+00,  0.0000e+00,  0.0000e+00,  0.0000e+00,  0.0000e+00,
          0.0000e+00,  0.0000e+00,  0.0000e+00,  0.0000e+00,  0.0000e+00,
          0.0000e+00,  0.0000e+00,  0.0000e+00,  0.0000e+00,  0.0000e+00,
          0.0000e+00,  0.0000e+00,  0.0000e+00,  0.0000e+00,  0.0000e+00,
          0.0000e+00,  0.0000e+00,  0.0000e+00,  0.0000e+00,  0.0000e+00],
        [ 1.4988e-01,  9.8870e-01, -8.8954e-01, -4.5686e-01,  7.4839e-01,
         -6.6326e-01,  5.4670e-01,  8.3733e-01, -8.0793e-01,  5.8927e-01,
         -7.5617e-01, -6.5437e-01,  3.2481e-01, -9.4578e-01,  9.8218e-01,
         -1.8794e-01,  7.3818e-01,  6.7460e-01,  8.3056e-03,  9.9997e-01,
         -6.5845e-01,  7.5262e-01, -9.7824e-01,  2.0747e-01, -9.3599e-01,
         -3.5203e-01, -6.5035e-01, -7.5963e-01, -2.6014e-01, -9.6557e-01,
          1.2993e-01, -9.9152e-01,  4.6026e-01, -8.8778e-01,  7.0758e-01,
         -7.0663e-01,  8.7152e-01, -4.9037e-01,  9.6330e-01, -2.6843e-01,
          9.9827e-01, -5.8792e-02,  9.9163e-01,  1.2914e-01,  9.5649e-01,
          2.9175e-01,  9.0331e-01,  4.2899e-01,  8.3992e-01,  5.4271e-01,
          7.7195e-01,  6.3568e-01,  7.0327e-01,  7.1092e-01,  6.3642e-01,
          7.7134e-01,  5.7297e-01,  8.1958e-01,  5.1381e-01,  8.5790e-01,
          4.5935e-01,  8.8826e-01,  4.0968e-01,  9.1223e-01,  3.6471e-01,
          9.3112e-01,  3.2422e-01,  9.4598e-01,  2.8789e-01,  9.5766e-01,
          2.5542e-01,  9.6683e-01,  2.2645e-01,  9.7402e-01,  2.0066e-01,
          9.7966e-01,  1.7774e-01,  9.8408e-01,  1.5738e-01,  9.8754e-01,
          1.3932e-01,  9.9025e-01,  1.2330e-01,  9.9237e-01,  1.0912e-01,
          9.9403e-01,  9.6548e-02,  9.9533e-01,  8.5420e-02,  9.9635e-01,
          7.5568e-02,  9.9714e-01,  6.6849e-02,  9.9776e-01,  5.9133e-02,
          9.9825e-01,  5.2306e-02,  9.9863e-01,  4.6266e-02,  9.9893e-01,
          4.0923e-02,  9.9916e-01,  3.6196e-02,  9.9934e-01,  3.2014e-02,
          9.9949e-01,  2.8316e-02,  9.9960e-01,  2.5044e-02,  9.9969e-01,
          2.2151e-02,  9.9975e-01,  1.9591e-02,  9.9981e-01,  1.7327e-02,
          9.9985e-01,  1.5325e-02,  9.9988e-01,  1.3554e-02,  9.9991e-01,
          1.1988e-02,  9.9993e-01,  1.0603e-02,  9.9994e-01,  9.3774e-03,
          9.9996e-01,  8.2937e-03,  9.9997e-01,  7.3353e-03,  9.9997e-01,
          6.4876e-03,  9.9998e-01,  5.7379e-03,  9.9998e-01,  5.0748e-03,
          9.9999e-01,  4.4883e-03,  9.9999e-01,  3.9697e-03,  9.9999e-01,
          3.5109e-03,  9.9999e-01,  3.1052e-03,  1.0000e+00,  2.7463e-03,
          1.0000e+00,  2.4290e-03,  1.0000e+00,  2.1483e-03,  1.0000e+00,
          0.0000e+00,  0.0000e+00,  0.0000e+00,  0.0000e+00,  0.0000e+00,
          0.0000e+00,  0.0000e+00,  0.0000e+00,  0.0000e+00,  0.0000e+00,
          0.0000e+00,  0.0000e+00,  0.0000e+00,  0.0000e+00,  0.0000e+00,
          0.0000e+00,  0.0000e+00,  0.0000e+00,  0.0000e+00,  0.0000e+00,
          0.0000e+00,  0.0000e+00,  0.0000e+00,  0.0000e+00,  0.0000e+00,
          0.0000e+00,  0.0000e+00,  0.0000e+00,  0.0000e+00,  0.0000e+00,
          0.0000e+00,  0.0000e+00,  0.0000e+00,  0.0000e+00,  0.0000e+00,
          0.0000e+00,  0.0000e+00,  0.0000e+00,  0.0000e+00,  0.0000e+00,
          0.0000e+00,  0.0000e+00,  0.0000e+00,  0.0000e+00,  0.0000e+00,
          0.0000e+00,  0.0000e+00,  0.0000e+00,  0.0000e+00,  0.0000e+00,
          0.0000e+00,  0.0000e+00,  0.0000e+00,  0.0000e+00,  0.0000e+00,
          0.0000e+00,  0.0000e+00,  0.0000e+00,  0.0000e+00,  0.0000e+00,
          0.0000e+00,  0.0000e+00,  0.0000e+00,  0.0000e+00,  0.0000e+00,
          0.0000e+00,  0.0000e+00,  0.0000e+00,  0.0000e+00,  0.0000e+00,
          0.0000e+00,  0.0000e+00,  0.0000e+00,  0.0000e+00,  0.0000e+00,
          0.0000e+00,  0.0000e+00,  0.0000e+00,  0.0000e+00,  0.0000e+00,
          0.0000e+00,  0.0000e+00,  0.0000e+00,  0.0000e+00,  0.0000e+00,
          0.0000e+00,  0.0000e+00,  0.0000e+00,  0.0000e+00,  0.0000e+00,
          0.0000e+00,  0.0000e+00,  0.0000e+00,  0.0000e+00,  0.0000e+00,
          0.0000e+00,  0.0000e+00,  0.0000e+00,  0.0000e+00,  0.0000e+00,
          0.0000e+00,  0.0000e+00,  0.0000e+00,  0.0000e+00,  0.0000e+00,
          0.0000e+00,  0.0000e+00,  0.0000e+00,  0.0000e+00,  0.0000e+00,
          0.0000e+00,  0.0000e+00,  0.0000e+00,  0.0000e+00,  0.0000e+00,
          0.0000e+00,  0.0000e+00,  0.0000e+00,  0.0000e+00,  0.0000e+00,
          0.0000e+00,  0.0000e+00,  0.0000e+00,  0.0000e+00,  0.0000e+00,
          0.0000e+00,  0.0000e+00,  0.0000e+00,  0.0000e+00,  0.0000e+00,
          0.0000e+00,  0.0000e+00,  0.0000e+00,  0.0000e+00,  0.0000e+00,
          0.0000e+00,  0.0000e+00,  0.0000e+00,  0.0000e+00,  0.0000e+00,
          0.0000e+00,  0.0000e+00,  0.0000e+00,  0.0000e+00,  0.0000e+00,
          0.0000e+00,  0.0000e+00,  0.0000e+00,  0.0000e+00,  0.0000e+00]])